Method = before_attacking
process_time_list = [2.213075876235962, 0.019681930541992188, 0.016822338104248047, 0.016306638717651367, 0.016658782958984375, 0.01636528968811035, 0.016391515731811523, 0.01697063446044922, 0.01705646514892578, 0.017095565795898438, 0.016566991806030273, 0.01717066764831543, 0.016422271728515625, 0.017269372940063477, 0.016911745071411133, 0.01646256446838379, 0.01592254638671875, 0.015736103057861328, 0.017756223678588867, 0.017822980880737305, 0.015914201736450195, 0.01754140853881836, 0.016678810119628906, 0.018917083740234375, 0.0167543888092041, 0.015855789184570312, 0.016370773315429688, 0.0176544189453125, 0.017014265060424805, 0.019429922103881836, 0.017301321029663086, 0.016213417053222656, 0.018193483352661133, 0.016351938247680664, 0.017894506454467773, 0.01777195930480957, 0.01759171485900879, 0.01834726333618164, 0.01668405532836914, 0.016657352447509766, 0.016564369201660156, 0.0173647403717041, 0.016222715377807617, 0.01693558692932129, 0.015282869338989258, 0.016603946685791016, 0.01665329933166504, 0.01690053939819336, 0.01693868637084961, 0.016365528106689453, 0.016849517822265625, 0.017002105712890625, 0.016711711883544922, 0.016592025756835938, 0.01718926429748535, 0.017284631729125977, 0.01684427261352539, 0.01684117317199707, 0.016933441162109375, 0.017746925354003906, 0.015424966812133789, 0.019907474517822266, 0.01646876335144043, 0.015419721603393555, 0.01649022102355957, 0.016056060791015625, 0.01634049415588379, 0.017087697982788086, 0.017276763916015625, 0.017768144607543945, 0.017626285552978516, 0.019946813583374023, 0.017287015914916992, 0.01777482032775879, 0.0171051025390625, 0.017630338668823242, 0.016103267669677734, 0.017345666885375977, 0.016646385192871094, 0.017381906509399414, 0.01665973663330078, 0.015656471252441406, 0.016660690307617188, 0.018652915954589844, 0.017067909240722656, 0.016808748245239258, 0.016956567764282227, 0.016389131546020508, 0.016062021255493164, 0.01663494110107422, 0.01831221580505371, 0.017102479934692383, 0.017869234085083008, 0.017679929733276367, 0.017021656036376953, 0.018779516220092773, 0.01761484146118164, 0.016831398010253906, 0.018036842346191406, 0.017472028732299805, 0.016756772994995117, 0.01757049560546875]
car_number_list = [0, 0, 0, 0, 0, 0, 0, 0, 0, 0, 0, 0, 0, 0, 0, 0, 0, 0, 0, 0, 0, 0, 0, 0, 0, 0, 0, 0, 0, 0, 0, 0, 0, 0, 0, 0, 0, 0, 0, 0, 0, 0, 0, 0, 0, 0, 0, 0, 0, 0, 0, 0, 0, 0, 0, 0, 0, 0, 0, 0, 0, 0, 0, 0, 0, 0, 0, 0, 0, 0, 0, 0, 0, 0, 0, 0, 0, 0, 0, 0, 0, 0, 0, 0, 0, 0, 0, 0, 0, 0, 0, 0, 0, 0, 0, 0, 0, 0, 0, 0, 0, 0]
person_number_list = [0, 0, 0, 0, 0, 0, 0, 0, 0, 0, 0, 0, 0, 0, 0, 0, 0, 0, 0, 0, 0, 0, 0, 0, 0, 0, 0, 0, 0, 0, 0, 0, 0, 0, 0, 0, 0, 0, 0, 0, 0, 0, 0, 0, 0, 0, 0, 0, 0, 0, 0, 0, 0, 0, 0, 0, 0, 0, 0, 0, 0, 0, 0, 0, 0, 0, 0, 0, 0, 0, 0, 0, 0, 0, 0, 0, 0, 0, 0, 0, 0, 0, 0, 0, 0, 0, 0, 0, 0, 0, 0, 0, 0, 0, 0, 0, 0, 0, 0, 0, 0, 0]

Method = before_attacking
process_time_list = [2.2814443111419678, 1.7951083183288574, 1.3078460693359375, 0.8180429935455322, 0.3278987407684326, 0.01573657989501953, 0.015610456466674805, 0.015831470489501953, 0.016333341598510742, 0.01508641242980957, 0.01616191864013672, 0.0162508487701416, 0.017000436782836914, 0.015486717224121094, 0.015516281127929688, 0.01609063148498535, 0.014490127563476562, 0.01623082160949707, 0.015347957611083984, 0.015374183654785156, 0.01530313491821289, 0.015643596649169922, 0.014707326889038086, 0.017704248428344727, 0.01600813865661621, 0.015032768249511719, 0.015051603317260742, 0.015569448471069336, 0.014861822128295898, 0.017162561416625977, 0.017037630081176758, 0.015506982803344727, 0.02005314826965332, 0.016663074493408203, 0.015527009963989258, 0.016878604888916016, 0.015494346618652344, 0.016335248947143555, 0.015009403228759766, 0.015400409698486328, 0.014964580535888672, 0.015045166015625, 0.015256881713867188, 0.016555070877075195, 0.016014575958251953, 0.015537738800048828, 0.015619516372680664, 0.014397859573364258, 0.015939712524414062, 0.01623225212097168, 0.015560626983642578, 0.015389204025268555, 0.015372753143310547, 0.016261816024780273, 0.01964855194091797, 0.014708995819091797, 0.015854597091674805, 0.01705646514892578, 0.016329288482666016, 0.014679908752441406, 0.01490163803100586, 0.016069889068603516, 0.015432119369506836, 0.015495538711547852, 0.015360116958618164, 0.014650821685791016, 0.015645742416381836, 0.015400409698486328, 0.016777515411376953, 0.015847444534301758, 0.015141487121582031, 0.015576601028442383, 0.015556812286376953, 0.014774560928344727, 0.015412330627441406, 0.01683640480041504, 0.016614437103271484, 0.0165712833404541, 0.014699697494506836, 0.016684532165527344, 0.015422582626342773, 0.017499685287475586, 0.019051313400268555, 0.01679515838623047, 0.01609063148498535, 0.01596546173095703, 0.01647186279296875, 0.016573667526245117, 0.018549203872680664, 0.01564311981201172, 0.016117572784423828, 0.015997648239135742, 0.016103506088256836, 0.015181779861450195, 0.01826930046081543, 0.017223358154296875, 0.015993833541870117, 0.015970706939697266, 0.018206357955932617, 0.019164562225341797, 0.016350507736206055, 0.01647472381591797]
car_number_list = [0, 0, 0, 0, 0, 0, 0, 0, 0, 0, 0, 0, 0, 0, 0, 0, 0, 0, 0, 0, 0, 0, 0, 0, 0, 0, 0, 0, 0, 0, 0, 0, 0, 0, 0, 0, 0, 0, 0, 0, 0, 0, 0, 0, 0, 0, 0, 0, 0, 0, 0, 0, 0, 0, 0, 0, 0, 0, 0, 0, 0, 0, 0, 0, 0, 0, 0, 0, 0, 0, 0, 0, 0, 0, 0, 0, 0, 0, 0, 0, 0, 0, 0, 0, 0, 0, 0, 0, 0, 0, 0, 0, 0, 0, 0, 0, 0, 0, 0, 0, 0, 0]
person_number_list = [0, 0, 0, 0, 0, 0, 0, 0, 0, 0, 0, 0, 0, 0, 0, 0, 0, 0, 0, 0, 0, 0, 0, 0, 0, 0, 0, 0, 0, 0, 0, 0, 0, 0, 0, 0, 0, 0, 0, 0, 0, 0, 0, 0, 0, 0, 0, 0, 0, 0, 0, 0, 0, 0, 0, 0, 0, 0, 0, 0, 0, 0, 0, 0, 0, 0, 0, 0, 0, 0, 0, 0, 0, 0, 0, 0, 0, 0, 0, 0, 0, 0, 0, 0, 0, 0, 0, 0, 0, 0, 0, 0, 0, 0, 0, 0, 0, 0, 0, 0, 0, 0]

Method = before_attacking
times = {'od': [2.26918625831604, 1.790344476699829, 1.302971601486206, 0.8127627372741699, 0.3241732120513916, 0.011004924774169922, 0.011282682418823242, 0.01087641716003418, 0.011127471923828125, 0.010740518569946289, 0.010938882827758789, 0.011083126068115234, 0.011222124099731445, 0.011179924011230469, 0.010986089706420898, 0.010561466217041016, 0.00997614860534668, 0.01097249984741211, 0.010098457336425781, 0.010712385177612305, 0.00997614860534668, 0.011125564575195312, 0.010222911834716797, 0.01087331771850586, 0.010726213455200195, 0.010726213455200195, 0.010190248489379883, 0.01050257682800293, 0.010254621505737305, 0.012208700180053711, 0.010703563690185547, 0.01095890998840332, 0.014174461364746094, 0.01112985610961914, 0.010974407196044922, 0.011098146438598633, 0.011186361312866211, 0.010939359664916992, 0.010861635208129883, 0.010929107666015625, 0.010320425033569336, 0.010510444641113281, 0.010710954666137695, 0.010809659957885742, 0.01068735122680664, 0.010019063949584961, 0.011081457138061523, 0.009910821914672852, 0.010585784912109375, 0.010940074920654297, 0.010282039642333984, 0.01024484634399414, 0.010074138641357422, 0.010854005813598633, 0.014098882675170898, 0.010538101196289062, 0.010960817337036133, 0.012763738632202148, 0.011668682098388672, 0.010453939437866211, 0.009670734405517578, 0.010532855987548828, 0.010128974914550781, 0.010750055313110352, 0.010363101959228516, 0.010497093200683594, 0.010198593139648438, 0.01021265983581543, 0.010947704315185547, 0.010717391967773438, 0.010138988494873047, 0.010974884033203125, 0.010115385055541992, 0.010736942291259766, 0.010394573211669922, 0.010263442993164062, 0.01017308235168457, 0.011071920394897461, 0.010264396667480469, 0.010623693466186523, 0.010209083557128906, 0.013013124465942383, 0.013680696487426758, 0.01136922836303711, 0.010338068008422852, 0.010568857192993164, 0.010639190673828125, 0.011336326599121094, 0.013386964797973633, 0.01128530502319336, 0.010797739028930664, 0.010837793350219727, 0.010874032974243164, 0.01067805290222168, 0.010242223739624023, 0.011313676834106445, 0.01077413558959961, 0.01157069206237793, 0.011995077133178711, 0.014183282852172852, 0.010735273361206055, 0.010419607162475586], 'lr': [2.274707555770874, 1.7931232452392578, 1.3054075241088867, 0.8151772022247314, 0.3260533809661865, 0.01323390007019043, 0.013869285583496094, 0.013170957565307617, 0.013430356979370117, 0.013332843780517578, 0.013400793075561523, 0.013399124145507812, 0.013870000839233398, 0.013970136642456055, 0.013512134552001953, 0.013336896896362305, 0.012555837631225586, 0.013635635375976562, 0.01262664794921875, 0.013492107391357422, 0.012503862380981445, 0.013649940490722656, 0.012725353240966797, 0.013523101806640625, 0.013360023498535156, 0.013340950012207031, 0.012838602066040039, 0.013129472732543945, 0.012865543365478516, 0.014938116073608398, 0.01327967643737793, 0.013417720794677734, 0.017101049423217773, 0.01367044448852539, 0.01363992691040039, 0.013768911361694336, 0.013518571853637695, 0.013632059097290039, 0.013555049896240234, 0.013707399368286133, 0.01285862922668457, 0.012923955917358398, 0.01333475112915039, 0.013416767120361328, 0.01322031021118164, 0.012619256973266602, 0.013574600219726562, 0.012350797653198242, 0.012890815734863281, 0.013323307037353516, 0.012615442276000977, 0.012462854385375977, 0.012257814407348633, 0.01325082778930664, 0.016313791275024414, 0.013002395629882812, 0.013502359390258789, 0.014960765838623047, 0.014096975326538086, 0.013075590133666992, 0.011981725692749023, 0.013055801391601562, 0.012549400329589844, 0.013318061828613281, 0.012433290481567383, 0.012640237808227539, 0.012624502182006836, 0.012351036071777344, 0.013573169708251953, 0.01286172866821289, 0.012223958969116211, 0.013401508331298828, 0.012475728988647461, 0.01282358169555664, 0.012435674667358398, 0.01279759407043457, 0.012585639953613281, 0.013503313064575195, 0.01269674301147461, 0.013221502304077148, 0.012293338775634766, 0.015521049499511719, 0.01598358154296875, 0.01381993293762207, 0.013057470321655273, 0.012922525405883789, 0.013332843780517578, 0.013891458511352539, 0.015468120574951172, 0.01357126235961914, 0.013023614883422852, 0.013023614883422852, 0.013287544250488281, 0.013442039489746094, 0.015327930450439453, 0.01402139663696289, 0.013181447982788086, 0.01378178596496582, 0.014718055725097656, 0.017038345336914062, 0.013231992721557617, 0.013192415237426758], 'pr': [2.2784087657928467, 1.792464017868042, 1.3054225444793701, 0.8152287006378174, 0.3264765739440918, 0.01344442367553711, 0.013634204864501953, 0.01336812973022461, 0.013814926147460938, 0.013099908828735352, 0.013819217681884766, 0.014136075973510742, 0.013740301132202148, 0.013598203659057617, 0.013320684432983398, 0.013225078582763672, 0.012265205383300781, 0.013405084609985352, 0.012424468994140625, 0.013126373291015625, 0.01235342025756836, 0.013427019119262695, 0.012635231018066406, 0.013582468032836914, 0.01316523551940918, 0.0130462646484375, 0.012759923934936523, 0.012846708297729492, 0.012738466262817383, 0.014509201049804688, 0.013162374496459961, 0.013927936553955078, 0.017071008682250977, 0.014078378677368164, 0.013343334197998047, 0.014081001281738281, 0.014137506484985352, 0.013326644897460938, 0.013137578964233398, 0.01318979263305664, 0.012778759002685547, 0.013469457626342773, 0.01317596435546875, 0.013776779174804688, 0.01305532455444336, 0.012483358383178711, 0.014067888259887695, 0.012957572937011719, 0.013578176498413086, 0.013843297958374023, 0.013130664825439453, 0.012707233428955078, 0.01255655288696289, 0.013486385345458984, 0.016791582107543945, 0.012529134750366211, 0.013396739959716797, 0.01534271240234375, 0.014164209365844727, 0.012546062469482422, 0.012033939361572266, 0.013045787811279297, 0.012508153915405273, 0.01327657699584961, 0.012928485870361328, 0.012889862060546875, 0.012542009353637695, 0.012838125228881836, 0.013521909713745117, 0.013265848159790039, 0.012631416320800781, 0.013353586196899414, 0.012485742568969727, 0.013115882873535156, 0.012834548950195312, 0.012758493423461914, 0.012492179870605469, 0.01360321044921875, 0.012663125991821289, 0.013064861297607422, 0.01277017593383789, 0.015552043914794922, 0.016347885131835938, 0.013983488082885742, 0.013368368148803711, 0.013666868209838867, 0.013255596160888672, 0.013857841491699219, 0.016732454299926758, 0.01427912712097168, 0.013969182968139648, 0.013842344284057617, 0.013765811920166016, 0.013101577758789062, 0.015529394149780273, 0.013835906982421875, 0.013659477233886719, 0.014789819717407227, 0.015095710754394531, 0.01678633689880371, 0.013240337371826172, 0.013049125671386719]}


Method = before_attacking
process_time_list = []
car_number_list = []
person_number_list = []

Method = before_attacking
times = {}


Method = before_attacking
process_time_list = [3.628188133239746, 3.242434024810791, 3.035399913787842, 2.6598055362701416, 2.293273687362671, 1.8733232021331787, 1.5046594142913818, 1.191802740097046, 0.730696439743042, 0.3449289798736572, 0.0867776870727539, 0.14779043197631836, 0.1077268123626709, 0.08730483055114746, 0.13684773445129395, 0.0878903865814209, 0.09238648414611816, 0.08109354972839355, 0.08717823028564453, 0.09315323829650879, 0.09261918067932129, 0.09376263618469238, 0.09844326972961426, 0.10856246948242188, 0.13353562355041504, 0.10868191719055176, 0.11033177375793457, 0.11919665336608887, 0.12190985679626465, 0.13371586799621582, 0.13378024101257324, 0.15260076522827148, 0.14635515213012695, 0.16039443016052246, 0.1752176284790039, 0.1656346321105957, 0.1634659767150879, 0.17104673385620117, 0.19908881187438965, 0.1800382137298584, 0.1841280460357666, 0.19924592971801758, 0.22832441329956055, 0.24329495429992676, 0.2311868667602539, 0.20708751678466797, 0.2636270523071289, 0.23241639137268066, 0.1465468406677246, 0.2290816307067871, 0.21608924865722656, 0.23645615577697754, 0.15883660316467285, 0.26834845542907715, 0.3404710292816162, 0.1872107982635498, 0.22100543975830078, 0.035344600677490234, 0.30536961555480957, 0.12333989143371582, 0.01419210433959961, 0.12376809120178223, 0.08188176155090332, 0.08791279792785645, 0.14152145385742188, 0.020384550094604492, 0.01879596710205078, 0.14038872718811035, 0.22096467018127441, 0.33052659034729004, 0.21796154975891113, 0.2765376567840576, 0.07891368865966797, 0.07946991920471191, 0.23034024238586426, 0.19763422012329102, 0.20353245735168457, 0.20052838325500488, 0.19548368453979492, 0.19771170616149902, 0.14069724082946777, 0.16198253631591797, 0.13578343391418457, 0.13458013534545898, 0.07505631446838379, 0.07903838157653809, 0.1007089614868164, 0.08405375480651855, 0.08198070526123047, 0.13954830169677734, 0.17934465408325195, 0.1718299388885498, 0.20534634590148926, 0.20638513565063477, 0.15072178840637207, 0.21373748779296875, 0.07609844207763672, 0.17801165580749512, 0.19340014457702637, 0.1931285858154297, 0.2022402286529541, 0.18361330032348633]
car_number_list = [2, 2, 5, 3, 3, 3, 4, 4, 3, 2, 1, 3, 3, 2, 2, 2, 2, 1, 1, 1, 1, 1, 1, 1, 2, 1, 1, 1, 0, 2, 1, 1, 1, 0, 0, 2, 3, 1, 1, 1, 1, 1, 1, 1, 1, 1, 1, 1, 1, 1, 1, 1, 1, 1, 1, 1, 0, 0, 0, 0, 0, 0, 0, 0, 0, 0, 0, 1, 1, 1, 1, 0, 0, 1, 1, 0, 0, 0, 0, 0, 0, 0, 0, 0, 0, 0, 0, 0, 0, 1, 1, 1, 0, 0, 0, 0, 0, 0, 0, 0, 0, 0]
person_number_list = [2, 2, 3, 5, 6, 6, 6, 7, 7, 9, 9, 6, 7, 8, 6, 6, 6, 5, 5, 5, 4, 4, 3, 3, 3, 3, 3, 3, 3, 3, 3, 5, 5, 6, 6, 6, 6, 5, 8, 7, 3, 3, 4, 4, 4, 3, 3, 3, 2, 3, 2, 3, 2, 3, 4, 3, 2, 1, 4, 1, 0, 1, 1, 2, 3, 1, 1, 2, 3, 6, 4, 7, 4, 3, 4, 3, 3, 3, 3, 3, 2, 2, 1, 1, 1, 1, 3, 2, 2, 2, 3, 4, 5, 5, 4, 6, 4, 5, 5, 5, 5, 3]

Method = before_attacking
times = {'od': [2.2450132369995117, 1.7658417224884033, 1.2814652919769287, 0.7972135543823242, 0.3180887699127197, 0.011012077331542969, 0.011400222778320312, 0.01115870475769043, 0.010502099990844727, 0.011786937713623047, 0.011037111282348633, 0.011180877685546875, 0.011501312255859375, 0.011356830596923828, 0.011156082153320312, 0.011140823364257812, 0.010442733764648438, 0.010768413543701172, 0.01041412353515625, 0.01091456413269043, 0.010819435119628906, 0.011883974075317383, 0.011263608932495117, 0.011363744735717773, 0.010887622833251953, 0.010928153991699219, 0.010928630828857422, 0.010836362838745117, 0.010206460952758789, 0.011023759841918945, 0.010228395462036133, 0.010765314102172852, 0.010069847106933594, 0.011061429977416992, 0.011449337005615234, 0.011084556579589844, 0.010850667953491211, 0.010966062545776367, 0.011085271835327148, 0.011226177215576172, 0.010777711868286133, 0.010898828506469727, 0.012098550796508789, 0.0110015869140625, 0.010807514190673828, 0.010511636734008789, 0.011076688766479492, 0.011052370071411133, 0.010825634002685547, 0.010927438735961914, 0.010799169540405273, 0.01090860366821289, 0.010834932327270508, 0.01088404655456543, 0.010883092880249023, 0.01085805892944336, 0.010905027389526367, 0.010706901550292969, 0.010637283325195312, 0.010182619094848633, 0.009731292724609375, 0.010274887084960938, 0.010234594345092773, 0.010842323303222656, 0.009968757629394531, 0.011839866638183594, 0.009867668151855469, 0.010619878768920898, 0.011316061019897461, 0.011155128479003906, 0.009990215301513672, 0.011166810989379883, 0.01000666618347168, 0.010728120803833008, 0.010982275009155273, 0.010738134384155273, 0.01078033447265625, 0.0103607177734375, 0.010369062423706055, 0.010942459106445312, 0.01082468032836914, 0.01043558120727539, 0.010743141174316406, 0.010773658752441406, 0.010441064834594727, 0.01056671142578125, 0.01062464714050293, 0.012502908706665039, 0.01028752326965332, 0.010624170303344727, 0.010956287384033203, 0.011395454406738281, 0.010865211486816406, 0.010756492614746094, 0.011092424392700195, 0.011146783828735352, 0.011123418807983398, 0.01087045669555664, 0.011176586151123047, 0.009972333908081055, 0.011243343353271484, 0.010477304458618164], 'lr': [3.6257376670837402, 3.24064564704895, 3.03357195854187, 2.658259391784668, 2.2915847301483154, 1.8717210292816162, 1.5026228427886963, 1.1896982192993164, 0.728830099105835, 0.34299707412719727, 0.029920101165771484, 0.14518475532531738, 0.10581827163696289, 0.04114580154418945, 0.1344294548034668, 0.08589649200439453, 0.09056758880615234, 0.028817415237426758, 0.0739290714263916, 0.07532215118408203, 0.07739806175231934, 0.07880139350891113, 0.034464120864868164, 0.07808589935302734, 0.13187742233276367, 0.0792686939239502, 0.03347659111022949, 0.07733845710754395, 0.013641595840454102, 0.13100075721740723, 0.026910066604614258, 0.0738070011138916, 0.02729630470275879, 0.013482332229614258, 0.013851404190063477, 0.08331608772277832, 0.05362510681152344, 0.027414321899414062, 0.027615070343017578, 0.02762436866760254, 0.027700185775756836, 0.07414412498474121, 0.0316004753112793, 0.030035734176635742, 0.027530908584594727, 0.027296066284179688, 0.02798628807067871, 0.07348155975341797, 0.028259754180908203, 0.027086257934570312, 0.07379746437072754, 0.0716700553894043, 0.02740645408630371, 0.026665687561035156, 0.026341915130615234, 0.026314973831176758, 0.013413190841674805, 0.013025760650634766, 0.013107776641845703, 0.012437582015991211, 0.011952400207519531, 0.012630939483642578, 0.012479782104492188, 0.013228893280029297, 0.01214456558227539, 0.014244318008422852, 0.012254953384399414, 0.0268707275390625, 0.027420759201049805, 0.07016587257385254, 0.027403593063354492, 0.013580322265625, 0.012603044509887695, 0.02665090560913086, 0.027413368225097656, 0.013022422790527344, 0.013148069381713867, 0.012636661529541016, 0.012670040130615234, 0.013186454772949219, 0.013236045837402344, 0.01259922981262207, 0.013188838958740234, 0.013211250305175781, 0.012587308883666992, 0.01296377182006836, 0.013048410415649414, 0.014745473861694336, 0.012578010559082031, 0.02640247344970703, 0.026624202728271484, 0.026899099349975586, 0.013262748718261719, 0.013376951217651367, 0.013474464416503906, 0.013456344604492188, 0.013828754425048828, 0.013218879699707031, 0.013418197631835938, 0.012398004531860352, 0.013973712921142578, 0.01274561882019043], 'pr': [2.303508758544922, 1.843451738357544, 1.387103796005249, 0.9348504543304443, 0.48883771896362305, 0.06804561614990234, 0.07150483131408691, 0.06989002227783203, 0.07136726379394531, 0.0818014144897461, 0.08489775657653809, 0.08270764350891113, 0.0831599235534668, 0.08534431457519531, 0.07796096801757812, 0.0797891616821289, 0.08223867416381836, 0.07927775382995605, 0.08533263206481934, 0.09108757972717285, 0.0905454158782959, 0.09189009666442871, 0.09656596183776855, 0.10683870315551758, 0.09920477867126465, 0.10683751106262207, 0.1083681583404541, 0.11737060546875, 0.12004947662353516, 0.13089394569396973, 0.1318645477294922, 0.15079283714294434, 0.14441657066345215, 0.1575913429260254, 0.1733105182647705, 0.16371679306030273, 0.16175127029418945, 0.16920256614685059, 0.19722628593444824, 0.17819809913635254, 0.18227291107177734, 0.19733810424804688, 0.22632789611816406, 0.2404789924621582, 0.22835159301757812, 0.20410537719726562, 0.26157164573669434, 0.22971558570861816, 0.14356732368469238, 0.22701597213745117, 0.21316218376159668, 0.23431134223937988, 0.1567380428314209, 0.26613664627075195, 0.33841419219970703, 0.1851334571838379, 0.21910858154296875, 0.03333234786987305, 0.3033478260040283, 0.12134099006652832, 0.011850118637084961, 0.12079644203186035, 0.07968425750732422, 0.0860586166381836, 0.13965201377868652, 0.018430233001708984, 0.016872644424438477, 0.13854575157165527, 0.21907401084899902, 0.32874298095703125, 0.2160511016845703, 0.27474236488342285, 0.07715678215026855, 0.0776524543762207, 0.2284386157989502, 0.19564247131347656, 0.20160198211669922, 0.19863462448120117, 0.19358611106872559, 0.19572830200195312, 0.1387777328491211, 0.1600334644317627, 0.13376140594482422, 0.13250517845153809, 0.07218217849731445, 0.07687616348266602, 0.09881901741027832, 0.08209419250488281, 0.08013582229614258, 0.13773655891418457, 0.177351713180542, 0.1699678897857666, 0.2035846710205078, 0.20457720756530762, 0.14887213706970215, 0.2119593620300293, 0.07425093650817871, 0.17607522010803223, 0.1916368007659912, 0.19132566452026367, 0.20042014122009277, 0.18157720565795898]}


Method = adaptive_attack
process_time_list = [4.162467956542969, 1.883321762084961, 1.9661667346954346, 1.7902252674102783, 1.699089765548706, 1.7128612995147705, 2.160844326019287, 1.306607723236084, 1.9630310535430908, 1.600351095199585, 1.8031418323516846, 2.0458760261535645, 1.8364338874816895, 1.5290699005126953, 1.9308240413665771, 1.9477620124816895, 1.9141535758972168, 1.4740583896636963, 1.378861427307129, 1.7449626922607422, 1.9842123985290527, 1.8108785152435303, 1.8178324699401855, 1.6960985660552979, 1.8311820030212402, 1.5294771194458008, 1.850377082824707, 1.3287327289581299, 2.0454933643341064, 1.6357147693634033, 1.514394998550415, 1.681417465209961, 1.686514139175415, 1.778956651687622, 1.4740667343139648, 1.9421720504760742, 1.6436350345611572, 1.799952507019043, 1.7001445293426514, 1.828559398651123, 1.5193939208984375, 1.8373587131500244, 1.839963674545288, 1.659562587738037, 1.8600821495056152, 1.9247751235961914, 2.0354104042053223, 1.5019936561584473, 1.8119068145751953, 1.7615153789520264, 1.8442821502685547, 1.7203881740570068, 1.6481845378875732, 1.9410121440887451, 1.9795212745666504, 1.4028632640838623, 1.7995202541351318, 1.7810845375061035, 1.7934162616729736, 1.7331926822662354, 1.3616089820861816, 1.5439505577087402, 1.9084231853485107, 1.8934674263000488, 1.6103219985961914, 1.7567245960235596, 1.9452056884765625, 1.7806129455566406, 1.9839842319488525, 1.0923373699188232, 1.909529447555542, 1.9370949268341064, 1.886336088180542, 1.5473175048828125, 1.8475866317749023, 1.8621046543121338, 1.4819562435150146, 1.837526559829712, 1.8686354160308838, 1.775719165802002, 1.8493752479553223, 1.9304602146148682, 1.9570622444152832, 1.8197059631347656, 2.09667706489563, 1.9109067916870117, 1.8517348766326904, 1.865562915802002, 1.9196441173553467, 1.5888950824737549, 1.7998931407928467, 1.486504077911377, 1.8030154705047607, 1.85906982421875, 1.5197207927703857, 1.852416753768921, 1.929816484451294, 1.7619078159332275, 1.8534128665924072, 1.6555511951446533, 1.731414556503296, 1.9985527992248535]
car_number_list = [0, 0, 0, 0, 0, 0, 0, 0, 0, 0, 0, 0, 0, 0, 0, 0, 0, 0, 0, 0, 0, 0, 0, 0, 0, 0, 0, 0, 0, 0, 0, 0, 0, 0, 0, 0, 0, 0, 0, 0, 0, 0, 0, 0, 0, 0, 0, 0, 0, 0, 0, 0, 0, 0, 0, 0, 0, 0, 0, 0, 0, 0, 0, 0, 0, 0, 0, 0, 0, 0, 0, 0, 0, 0, 0, 0, 0, 0, 1, 0, 0, 0, 0, 0, 0, 0, 0, 0, 1, 0, 0, 2, 0, 0, 0, 0, 0, 0, 0, 0, 0, 0]
person_number_list = [1172, 1158, 1271, 1099, 1088, 1090, 1382, 856, 1234, 982, 1096, 1260, 1165, 972, 1233, 1250, 1190, 930, 932, 1089, 1220, 1146, 1114, 1075, 1115, 915, 1142, 900, 1258, 1015, 983, 1059, 1077, 1110, 1008, 1243, 1050, 1116, 1058, 1122, 1005, 1093, 1083, 1041, 1182, 1145, 1265, 1023, 1180, 1105, 1153, 1110, 1042, 1215, 1237, 958, 1161, 1081, 1121, 1118, 1011, 1032, 1239, 1163, 1038, 1125, 1212, 1134, 1238, 725, 1177, 1209, 1157, 977, 1143, 1118, 972, 1120, 1156, 1113, 1071, 1112, 1214, 1077, 1311, 1202, 1211, 1167, 1206, 994, 1143, 959, 1092, 1169, 1002, 1141, 1209, 1084, 1143, 1079, 1100, 1244]

Method = adaptive_attack
times = {'od': [2.3381173610687256, 0.1000065803527832, 0.09703350067138672, 0.0870826244354248, 0.07831406593322754, 0.09708690643310547, 0.1164541244506836, 0.07064938545227051, 0.10436820983886719, 0.08174824714660645, 0.10117435455322266, 0.10265421867370605, 0.09273123741149902, 0.0700526237487793, 0.0971078872680664, 0.10497117042541504, 0.10189247131347656, 0.06563162803649902, 0.07115292549133301, 0.09581732749938965, 0.09418582916259766, 0.08625459671020508, 0.08532524108886719, 0.08068251609802246, 0.08499956130981445, 0.17241692543029785, 0.08604764938354492, 0.06713533401489258, 0.11070418357849121, 0.08354973793029785, 0.07945442199707031, 0.08336043357849121, 0.09640932083129883, 0.10050082206726074, 0.07580852508544922, 0.09751224517822266, 0.07875537872314453, 0.10175943374633789, 0.08074569702148438, 0.09850764274597168, 0.07516789436340332, 0.08293342590332031, 0.09573864936828613, 0.09587478637695312, 0.10787558555603027, 0.09819650650024414, 0.10611820220947266, 0.08883142471313477, 0.09727048873901367, 0.09403538703918457, 0.09930062294006348, 0.08471274375915527, 0.08323955535888672, 0.09555506706237793, 0.09765911102294922, 0.07381796836853027, 0.09721851348876953, 0.09635472297668457, 0.08547711372375488, 0.09097099304199219, 0.0771489143371582, 0.0820610523223877, 0.09575366973876953, 0.10434126853942871, 0.08419537544250488, 0.09555578231811523, 0.09747314453125, 0.0844733715057373, 0.1041409969329834, 0.056845664978027344, 0.09503817558288574, 0.08994412422180176, 0.0927116870880127, 0.07405924797058105, 0.10314464569091797, 0.10254549980163574, 0.07316899299621582, 0.09129905700683594, 0.10097622871398926, 0.08998489379882812, 0.08121514320373535, 0.09585952758789062, 0.10137009620666504, 0.10013341903686523, 0.1040804386138916, 0.09027695655822754, 0.10131692886352539, 0.09691119194030762, 0.09687662124633789, 0.07450556755065918, 0.0875694751739502, 0.0725090503692627, 0.08178472518920898, 0.09740948677062988, 0.07836723327636719, 0.08683228492736816, 0.10320663452148438, 0.08147716522216797, 0.08697700500488281, 0.09039044380187988, 0.0931246280670166, 0.10619688034057617], 'lr': [2.3418407440185547, 0.10194206237792969, 0.09881424903869629, 0.08980536460876465, 0.08031320571899414, 0.09894180297851562, 0.11804866790771484, 0.07294034957885742, 0.10607790946960449, 0.08366203308105469, 0.1033627986907959, 0.10444974899291992, 0.09457230567932129, 0.07197308540344238, 0.09932827949523926, 0.1080617904663086, 0.10362935066223145, 0.06775951385498047, 0.07285380363464355, 0.0979917049407959, 0.09610605239868164, 0.08812332153320312, 0.08690738677978516, 0.08339262008666992, 0.08694672584533691, 0.1743028163909912, 0.0878591537475586, 0.06915044784545898, 0.11373448371887207, 0.08511686325073242, 0.08109354972839355, 0.08508181571960449, 0.09836506843566895, 0.1027836799621582, 0.07751321792602539, 0.09941458702087402, 0.08045434951782227, 0.10373973846435547, 0.0825948715209961, 0.10026359558105469, 0.07726621627807617, 0.08470797538757324, 0.09758782386779785, 0.09757518768310547, 0.11019349098205566, 0.10016608238220215, 0.10850334167480469, 0.09091830253601074, 0.09887337684631348, 0.09592413902282715, 0.10134530067443848, 0.08641481399536133, 0.08511662483215332, 0.0971684455871582, 0.09950804710388184, 0.07620120048522949, 0.09885120391845703, 0.09819698333740234, 0.08715248107910156, 0.0927274227142334, 0.07881426811218262, 0.08396792411804199, 0.09813594818115234, 0.10611343383789062, 0.0856785774230957, 0.09744668006896973, 0.09916472434997559, 0.08625125885009766, 0.1057441234588623, 0.05913949012756348, 0.0968942642211914, 0.09175348281860352, 0.09462213516235352, 0.07578229904174805, 0.10480880737304688, 0.10446977615356445, 0.07487916946411133, 0.09313535690307617, 1.5068857669830322, 0.09282398223876953, 0.08268427848815918, 0.09734177589416504, 0.10268449783325195, 0.10225701332092285, 0.10648560523986816, 0.0926051139831543, 0.10297513008117676, 0.0984952449798584, 0.7396433353424072, 0.07720780372619629, 0.08925700187683105, 0.5195372104644775, 0.08417224884033203, 0.09901070594787598, 0.08006978034973145, 0.08896446228027344, 0.10513520240783691, 0.08310317993164062, 0.08879327774047852, 0.09193563461303711, 0.09567737579345703, 0.1075429916381836], 'pr': [4.161356449127197, 1.882251262664795, 1.9649622440338135, 1.7890589237213135, 1.6979570388793945, 1.7117857933044434, 2.159789562225342, 1.3056294918060303, 1.961899757385254, 1.59922456741333, 1.801861047744751, 2.0449182987213135, 1.8354756832122803, 1.5281040668487549, 1.9298081398010254, 1.9467134475708008, 1.9130356311798096, 1.473008155822754, 1.377713680267334, 1.7437241077423096, 1.9828214645385742, 1.8098170757293701, 1.8165559768676758, 1.6949379444122314, 1.8298590183258057, 1.528202772140503, 1.849104881286621, 1.3277618885040283, 2.044167995452881, 1.6346490383148193, 1.5130586624145508, 1.6802411079406738, 1.6852567195892334, 1.777940273284912, 1.4728150367736816, 1.9408888816833496, 1.642519474029541, 1.7987358570098877, 1.6989407539367676, 1.8273911476135254, 1.5183954238891602, 1.8362619876861572, 1.8389015197753906, 1.6584546566009521, 1.8587977886199951, 1.92340087890625, 2.0341081619262695, 1.5008113384246826, 1.8107268810272217, 1.7603254318237305, 1.8432552814483643, 1.719327688217163, 1.6469743251800537, 1.939784049987793, 1.9780473709106445, 1.4015507698059082, 1.7983224391937256, 1.779707431793213, 1.7920408248901367, 1.7320969104766846, 1.3605871200561523, 1.5428800582885742, 1.9069712162017822, 1.8919932842254639, 1.6091773509979248, 1.7555534839630127, 1.9441266059875488, 1.7796757221221924, 1.9829034805297852, 1.0910911560058594, 1.9083380699157715, 1.9358389377593994, 1.8851125240325928, 1.545982837677002, 1.8464601039886475, 1.8605599403381348, 1.4808354377746582, 1.8363118171691895, 1.8674449920654297, 1.7743427753448486, 1.8481781482696533, 1.92942214012146, 1.955754041671753, 1.8184502124786377, 2.095122814178467, 1.9098308086395264, 1.8507065773010254, 1.8643438816070557, 1.918219804763794, 1.5875508785247803, 1.7985708713531494, 1.4851562976837158, 1.8018083572387695, 1.8577971458435059, 1.5184063911437988, 1.8512701988220215, 1.92879056930542, 1.7602779865264893, 1.851935625076294, 1.6543560028076172, 1.7302463054656982, 1.9971261024475098]}


Method = overload_attack
process_time_list = [3.624227523803711, 0.08146381378173828, 0.08429956436157227, 0.0709524154663086, 0.33400845527648926, 0.1774735450744629, 0.09308481216430664, 0.14374613761901855, 0.2931861877441406, 0.0985562801361084, 0.17993617057800293, 0.1341850757598877, 0.12060022354125977, 0.1334245204925537, 0.1433556079864502, 0.14128851890563965, 0.2950406074523926, 0.23001909255981445, 0.17200875282287598, 0.11839699745178223, 0.17375731468200684, 0.3266408443450928, 0.12681245803833008, 0.12238717079162598, 0.14978313446044922, 0.07360553741455078, 0.2406597137451172, 0.5865676403045654, 0.33282947540283203, 0.08144378662109375, 0.18416237831115723, 0.20803570747375488, 0.1908271312713623, 0.21602678298950195, 0.2278120517730713, 0.12482023239135742, 0.13066983222961426, 0.07652497291564941, 0.17892670631408691, 0.12087345123291016, 0.2849729061126709, 0.13010263442993164, 0.11957097053527832, 0.07388186454772949, 0.6130862236022949, 0.15073394775390625, 0.09306478500366211, 0.2626476287841797, 0.2897763252258301, 0.11176323890686035, 0.16432809829711914, 0.12519168853759766, 0.12342715263366699, 0.10245156288146973, 0.5691947937011719, 0.09708452224731445, 0.13621973991394043, 0.10352230072021484, 0.3002033233642578, 0.39305758476257324, 1.349794626235962, 0.1998918056488037, 0.20989131927490234, 0.12786531448364258, 0.08750367164611816, 0.14093828201293945, 0.4756193161010742, 0.19054031372070312, 0.400956392288208, 0.13474297523498535, 0.13801050186157227, 0.1106870174407959, 0.21278905868530273, 0.13439226150512695, 0.1897742748260498, 0.2266688346862793, 0.14189910888671875, 0.08353352546691895, 0.17716097831726074, 0.1973896026611328, 0.3126096725463867, 0.22829055786132812, 0.07497906684875488, 0.267819881439209, 0.14925909042358398, 0.16956162452697754, 0.12179946899414062, 0.31177449226379395, 0.32474613189697266, 0.30699992179870605, 0.2674121856689453, 0.5082588195800781, 0.31161046028137207, 0.10085511207580566, 0.0926218032836914, 0.13996577262878418, 0.17368602752685547, 0.3877694606781006, 0.8181884288787842, 0.07965898513793945, 0.10061931610107422, 0.08787679672241211]
car_number_list = [9, 0, 1, 0, 2, 11, 0, 6, 27, 0, 1, 9, 0, 0, 0, 1, 24, 1, 12, 3, 0, 0, 0, 3, 8, 0, 21, 62, 26, 3, 11, 1, 2, 14, 14, 6, 7, 1, 0, 2, 23, 0, 2, 0, 67, 4, 2, 22, 27, 3, 2, 0, 3, 0, 57, 2, 4, 3, 29, 21, 152, 15, 0, 0, 0, 0, 44, 7, 38, 7, 4, 2, 3, 5, 14, 17, 8, 0, 0, 13, 9, 14, 0, 0, 8, 12, 4, 25, 30, 27, 23, 22, 17, 0, 1, 0, 7, 30, 30, 0, 0, 0]
person_number_list = [129, 0, 19, 1, 169, 65, 18, 13, 78, 22, 93, 19, 39, 46, 55, 47, 52, 109, 12, 32, 85, 170, 22, 46, 19, 0, 61, 65, 180, 11, 16, 102, 93, 81, 109, 11, 27, 21, 73, 34, 11, 33, 32, 2, 18, 65, 19, 88, 45, 31, 65, 40, 54, 26, 55, 26, 54, 26, 22, 48, 92, 36, 104, 47, 24, 48, 113, 84, 56, 12, 54, 36, 97, 37, 24, 64, 20, 10, 68, 90, 175, 59, 17, 125, 54, 20, 40, 119, 33, 35, 8, 270, 101, 14, 24, 55, 67, 89, 419, 6, 21, 22]

Method = overload_attack
times = {'od': [2.285762071609497, 0.07609939575195312, 0.04288005828857422, 0.06430745124816895, 0.05628776550292969, 0.06165885925292969, 0.055570363998413086, 0.041457414627075195, 0.05032610893249512, 0.05617880821228027, 0.04217386245727539, 0.04636025428771973, 0.05950760841369629, 0.05052065849304199, 0.05417037010192871, 0.06245994567871094, 0.04365134239196777, 0.05206751823425293, 0.04197216033935547, 0.05583500862121582, 0.04333758354187012, 0.0555269718170166, 0.08563518524169922, 0.051520347595214844, 0.05580258369445801, 0.06838798522949219, 0.0426027774810791, 0.04425954818725586, 0.053929805755615234, 0.04548501968383789, 0.06370234489440918, 0.03999471664428711, 0.04839301109313965, 0.0654902458190918, 0.05627584457397461, 0.04427456855773926, 0.041579246520996094, 0.03907203674316406, 0.05752229690551758, 0.06170368194580078, 0.05585217475891113, 0.07214665412902832, 0.06388735771179199, 0.06486201286315918, 0.037497520446777344, 0.05089139938354492, 0.04489445686340332, 0.055179595947265625, 0.040601491928100586, 0.047654151916503906, 0.04918813705444336, 0.05816793441772461, 0.04423403739929199, 0.058377981185913086, 0.04529857635498047, 0.03963518142700195, 0.05986380577087402, 0.04791140556335449, 0.03716444969177246, 0.05747580528259277, 0.04822349548339844, 0.05290651321411133, 0.057047128677368164, 0.05710911750793457, 0.05040478706359863, 0.06446123123168945, 0.05477547645568848, 0.04576754570007324, 0.061231136322021484, 0.047208547592163086, 0.052152156829833984, 0.04911303520202637, 0.051995277404785156, 0.058696746826171875, 0.04207181930541992, 0.04291272163391113, 0.04141545295715332, 0.06075263023376465, 0.06389760971069336, 0.04860258102416992, 0.04832768440246582, 0.07600235939025879, 0.04271101951599121, 0.0655829906463623, 0.042084455490112305, 0.03888988494873047, 0.05227971076965332, 0.04903817176818848, 0.04018664360046387, 0.05073857307434082, 0.04855227470397949, 0.05608820915222168, 0.061456918716430664, 0.06678938865661621, 0.05156397819519043, 0.03460335731506348, 0.053746700286865234, 0.04881572723388672, 0.05669999122619629, 0.06616473197937012, 0.061257123947143555, 0.052751779556274414], 'lr': [3.6229088306427, 0.07994294166564941, 0.07908201217651367, 0.06825423240661621, 0.16365957260131836, 0.17639732360839844, 0.05766105651855469, 0.14258098602294922, 0.29214048385620117, 0.05815744400024414, 0.08278536796569824, 0.1331489086151123, 0.061629295349121094, 0.05227184295654297, 0.055939674377441406, 0.10238528251647949, 0.29360008239746094, 0.11599040031433105, 0.17107582092285156, 0.11719179153442383, 0.04529452323913574, 0.057358741760253906, 0.08784961700439453, 0.09561038017272949, 0.1488783359527588, 0.07214164733886719, 0.2395927906036377, 0.5854647159576416, 0.33160972595214844, 0.08020687103271484, 0.18302607536315918, 0.09279584884643555, 0.10744166374206543, 0.21494269371032715, 0.21938109397888184, 0.12392783164978027, 0.1296079158782959, 0.07529950141906738, 0.059278011322021484, 0.10938429832458496, 0.28409266471862793, 0.07398676872253418, 0.10787057876586914, 0.0669400691986084, 0.6120035648345947, 0.11538100242614746, 0.09153962135314941, 0.2614619731903076, 0.2886381149291992, 0.10288548469543457, 0.095733642578125, 0.06028485298156738, 0.09866714477539062, 0.06017756462097168, 0.5681171417236328, 0.08664369583129883, 0.123077392578125, 0.10244560241699219, 0.29918670654296875, 0.29410576820373535, 1.3485374450683594, 0.19884371757507324, 0.05882143974304199, 0.0590205192565918, 0.052314043045043945, 0.0660707950592041, 0.4745502471923828, 0.13894248008728027, 0.39997243881225586, 0.13350677490234375, 0.11682462692260742, 0.09266233444213867, 0.10591745376586914, 0.13329124450683594, 0.1883683204650879, 0.22536420822143555, 0.1407322883605957, 0.06298542022705078, 0.06562995910644531, 0.19606637954711914, 0.16094613075256348, 0.2270526885986328, 0.044812917709350586, 0.06761479377746582, 0.14795494079589844, 0.168532133102417, 0.12046599388122559, 0.31067800521850586, 0.32348060607910156, 0.3056914806365967, 0.2661299705505371, 0.2903299331665039, 0.3104379177093506, 0.06921887397766113, 0.0865333080291748, 0.03628659248352051, 0.1466686725616455, 0.38655853271484375, 0.40389204025268555, 0.06799721717834473, 0.06312274932861328, 0.05463981628417969], 'pr': [2.5025153160095215, 0.08001518249511719, 0.08324933052062988, 0.06968832015991211, 0.33309292793273926, 0.1679246425628662, 0.09222650527954102, 0.07297945022583008, 0.16998672485351562, 0.09767889976501465, 0.17868995666503906, 0.07656240463256836, 0.11949801445007324, 0.13238072395324707, 0.14227008819580078, 0.14017295837402344, 0.12900996208190918, 0.2290332317352295, 0.06328630447387695, 0.10922932624816895, 0.17266178131103516, 0.32552194595336914, 0.1258094310760498, 0.12143826484680176, 0.08974480628967285, 0.07225680351257324, 0.14019036293029785, 0.14223790168762207, 0.3265385627746582, 0.0641930103302002, 0.09076690673828125, 0.20716404914855957, 0.18996143341064453, 0.20717144012451172, 0.22670459747314453, 0.06333160400390625, 0.08693289756774902, 0.07181882858276367, 0.17801880836486816, 0.11966490745544434, 0.07661795616149902, 0.12894582748413086, 0.11869382858276367, 0.0726170539855957, 0.06974244117736816, 0.14969754219055176, 0.08055377006530762, 0.21895933151245117, 0.11453127861022949, 0.1106424331665039, 0.1632065773010254, 0.12431478500366211, 0.12245702743530273, 0.1015939712524414, 0.121826171875, 0.09598493576049805, 0.13535237312316895, 0.08673381805419922, 0.07364654541015625, 0.13506031036376953, 0.1941819190979004, 0.11839866638183594, 0.2088184356689453, 0.1268310546875, 0.08664345741271973, 0.13990378379821777, 0.24500751495361328, 0.1894521713256836, 0.1587517261505127, 0.07303237915039062, 0.13713884353637695, 0.10960936546325684, 0.21173930168151855, 0.11480498313903809, 0.07895898818969727, 0.140183687210083, 0.07829046249389648, 0.08246850967407227, 0.17602944374084473, 0.17929530143737793, 0.31155943870544434, 0.16554951667785645, 0.07389640808105469, 0.26672816276550293, 0.12243247032165527, 0.07625985145568848, 0.11124324798583984, 0.23185276985168457, 0.10283541679382324, 0.10457205772399902, 0.06270384788513184, 0.507192850112915, 0.2579824924468994, 0.09978747367858887, 0.09147405624389648, 0.13887405395507812, 0.17261457443237305, 0.20981407165527344, 0.8170833587646484, 0.07863616943359375, 0.09955215454101562, 0.08683371543884277]}


Method = phantom_attack
process_time_list = [2.440014362335205, 0.06334567070007324, 1.025066614151001, 0.03839302062988281, 0.29155421257019043, 0.10025858879089355, 0.06908488273620605, 0.0318448543548584, 1.3947679996490479, 0.04325079917907715, 0.23664641380310059, 0.10562896728515625, 0.2853047847747803, 0.13149547576904297, 0.1865851879119873, 0.1634061336517334, 0.38657045364379883, 0.18258404731750488, 0.04155540466308594, 0.4040546417236328, 0.07962346076965332, 0.29245495796203613, 0.08166861534118652, 0.03524518013000488, 0.03863835334777832, 0.10223627090454102, 0.27894163131713867, 0.6452515125274658, 0.15112018585205078, 0.08993387222290039, 0.03699016571044922, 0.09693741798400879, 0.02899312973022461, 0.06355094909667969, 0.5517888069152832, 0.06517601013183594, 0.0729367733001709, 0.027362346649169922, 0.11043739318847656, 0.05278468132019043, 0.04312443733215332, 0.05187034606933594, 0.10976314544677734, 0.0805196762084961, 0.7325241565704346, 0.38249778747558594, 0.041112422943115234, 0.08612060546875, 0.27870893478393555, 1.0280027389526367, 0.1891019344329834, 0.08064079284667969, 0.23470401763916016, 1.1472792625427246, 0.33640050888061523, 0.3371617794036865, 0.7310876846313477, 0.24066543579101562, 1.110041618347168, 0.06569695472717285, 0.22028875350952148, 0.09565520286560059, 0.3223228454589844, 0.03267502784729004, 0.17144393920898438, 0.06299424171447754, 0.42243170738220215, 0.30089521408081055, 0.11019015312194824, 0.18877840042114258, 0.046793460845947266, 0.10539960861206055, 0.12600350379943848, 0.4013533592224121, 0.3110518455505371, 0.3300652503967285, 0.05546879768371582, 0.03804755210876465, 0.24649477005004883, 0.10209417343139648, 0.4575324058532715, 0.2281942367553711, 0.10643625259399414, 0.32563090324401855, 0.31871461868286133, 0.04253506660461426, 0.39026474952697754, 0.18900108337402344, 1.076899766921997, 0.14357900619506836, 0.04815268516540527, 0.4594106674194336, 0.47307920455932617, 0.09380102157592773, 0.05327439308166504, 0.7105331420898438, 0.2702457904815674, 0.15638089179992676, 0.06447100639343262, 0.0431516170501709, 0.6589541435241699, 0.45538854598999023]
car_number_list = [0, 0, 0, 0, 0, 0, 0, 0, 2, 0, 0, 0, 0, 0, 0, 0, 0, 1, 0, 21, 3, 0, 0, 0, 0, 1, 19, 53, 7, 0, 0, 0, 0, 0, 55, 0, 0, 0, 0, 0, 0, 0, 0, 2, 71, 18, 0, 0, 23, 107, 0, 0, 0, 0, 23, 27, 0, 0, 122, 0, 20, 0, 0, 0, 0, 0, 42, 2, 0, 16, 0, 0, 6, 0, 0, 0, 0, 0, 0, 2, 41, 19, 0, 0, 0, 0, 0, 9, 116, 2, 0, 0, 40, 0, 0, 0, 0, 9, 0, 0, 0, 0]
person_number_list = [89, 0, 534, 0, 154, 31, 13, 0, 83, 10, 117, 32, 133, 39, 59, 47, 214, 84, 3, 125, 32, 119, 15, 1, 0, 0, 98, 32, 56, 33, 1, 37, 1, 12, 153, 13, 7, 0, 7, 3, 0, 0, 23, 0, 19, 195, 0, 33, 16, 75, 75, 12, 99, 338, 82, 131, 373, 117, 35, 6, 14, 29, 136, 0, 81, 17, 75, 137, 38, 17, 7, 30, 17, 103, 134, 118, 10, 0, 42, 39, 175, 1, 16, 140, 162, 3, 186, 65, 33, 71, 6, 198, 221, 15, 6, 330, 106, 59, 11, 0, 300, 196]

Method = phantom_attack
times = {'od': [2.165750741958618, 0.058977603912353516, 0.04676055908203125, 0.03391551971435547, 0.03371238708496094, 0.03858447074890137, 0.03636431694030762, 0.028314828872680664, 0.02941155433654785, 0.025040864944458008, 0.04459500312805176, 0.04774737358093262, 0.029706239700317383, 0.03192305564880371, 0.033499956130981445, 0.03771495819091797, 0.04680967330932617, 0.03665518760681152, 0.03233695030212402, 0.027401447296142578, 0.022894859313964844, 0.02896428108215332, 0.04246401786804199, 0.028789758682250977, 0.03512454032897949, 0.030878067016601562, 0.024967432022094727, 0.028143882751464844, 0.037151336669921875, 0.030897855758666992, 0.030757427215576172, 0.03443622589111328, 0.02393317222595215, 0.03803277015686035, 0.027623891830444336, 0.03876352310180664, 0.038229942321777344, 0.023849964141845703, 0.0327916145324707, 0.03582429885864258, 0.03915524482727051, 0.04740786552429199, 0.027317523956298828, 0.03519797325134277, 0.04486417770385742, 0.03262591361999512, 0.03726363182067871, 0.02588200569152832, 0.03363752365112305, 0.029131174087524414, 0.03952479362487793, 0.029375791549682617, 0.0294187068939209, 0.03994607925415039, 0.0381007194519043, 0.02931952476501465, 0.03978419303894043, 0.034062862396240234, 0.03210639953613281, 0.05401039123535156, 0.03057241439819336, 0.03773355484008789, 0.03855252265930176, 0.028906583786010742, 0.03498125076293945, 0.030549049377441406, 0.04018425941467285, 0.03189897537231445, 0.037307024002075195, 0.02576470375061035, 0.031075000762939453, 0.03114485740661621, 0.04079866409301758, 0.027523279190063477, 0.03948378562927246, 0.032620906829833984, 0.03190112113952637, 0.034009695053100586, 0.0406801700592041, 0.037079811096191406, 0.03106403350830078, 0.03768491744995117, 0.03581643104553223, 0.03432917594909668, 0.03817915916442871, 0.03301858901977539, 0.030426025390625, 0.03157925605773926, 0.03782200813293457, 0.027042627334594727, 0.03468966484069824, 0.035193443298339844, 0.03560948371887207, 0.03682589530944824, 0.03550457954406738, 0.03878045082092285, 0.03906440734863281, 0.039748430252075195, 0.028121471405029297, 0.039275407791137695, 0.037400245666503906, 0.039026737213134766], 'lr': [2.1706225872039795, 0.061875104904174805, 0.04861783981323242, 0.0370783805847168, 0.035889387130737305, 0.0404973030090332, 0.03811907768249512, 0.03027963638305664, 1.3930613994598389, 0.027752161026000977, 0.04702448844909668, 0.04952859878540039, 0.031430721282958984, 0.03410005569458008, 0.03542518615722656, 0.03948020935058594, 0.048670053482055664, 0.15722131729125977, 0.034851789474487305, 0.40297579765319824, 0.06057929992675781, 0.030364274978637695, 0.04425406455993652, 0.030625581741333008, 0.0371401309967041, 0.10053706169128418, 0.27789855003356934, 0.6442406177520752, 0.13568544387817383, 0.0326688289642334, 0.033097028732299805, 0.0359957218170166, 0.02614569664001465, 0.039571523666381836, 0.5507304668426514, 0.04033160209655762, 0.03989577293395996, 0.025519371032714844, 0.03561592102050781, 0.03804445266723633, 0.04163789749145508, 0.050292015075683594, 0.029261350631713867, 0.07901859283447266, 0.7313899993896484, 0.2611668109893799, 0.039550065994262695, 0.027839183807373047, 0.2775118350982666, 1.0270395278930664, 0.0414886474609375, 0.0310823917388916, 0.031104326248168945, 0.04134845733642578, 0.3353452682495117, 0.30075573921203613, 0.041434526443481445, 0.03576827049255371, 1.1090285778045654, 0.05574536323547363, 0.21921896934509277, 0.04012560844421387, 0.0402834415435791, 0.030689001083374023, 0.036744117736816406, 0.03216552734375, 0.42149901390075684, 0.1192784309387207, 0.038954973220825195, 0.18782353401184082, 0.032785654067993164, 0.03283262252807617, 0.1248922348022461, 0.029102087020874023, 0.04120779037475586, 0.03418326377868652, 0.03364992141723633, 0.0359950065612793, 0.04250764846801758, 0.08716106414794922, 0.4565763473510742, 0.227006196975708, 0.037477731704711914, 0.03602099418640137, 0.03988027572631836, 0.03466153144836426, 0.032113075256347656, 0.18789243698120117, 1.0753004550933838, 0.0849769115447998, 0.03635406494140625, 0.036835432052612305, 0.44399094581604004, 0.03846597671508789, 0.03735518455505371, 0.040543556213378906, 0.040849924087524414, 0.1552734375, 0.02973771095275879, 0.04157066345214844, 0.039023399353027344, 0.04067659378051758], 'pr': [2.4387400150299072, 0.06140589714050293, 1.0241448879241943, 0.03732109069824219, 0.29045534133911133, 0.09928512573242188, 0.06810355186462402, 0.030405282974243164, 0.16917729377746582, 0.04216432571411133, 0.2355480194091797, 0.10464215278625488, 0.2841360569000244, 0.13045191764831543, 0.1854398250579834, 0.16236591339111328, 0.38536739349365234, 0.18136954307556152, 0.039827823638916016, 0.35817432403564453, 0.07874512672424316, 0.2914903163909912, 0.08070015907287598, 0.034021615982055664, 0.03763079643249512, 0.03315615653991699, 0.21761727333068848, 0.08482837677001953, 0.14982366561889648, 0.08881354331970215, 0.03570270538330078, 0.09589099884033203, 0.027442455291748047, 0.06267952919006348, 0.3248145580291748, 0.06432437896728516, 0.07196903228759766, 0.025855064392089844, 0.10894989967346191, 0.05112743377685547, 0.04178643226623535, 0.05027174949645996, 0.10864138603210449, 0.03718256950378418, 0.08562326431274414, 0.3815124034881592, 0.039520263671875, 0.08498144149780273, 0.06478595733642578, 0.19592714309692383, 0.1880168914794922, 0.07962870597839355, 0.23363018035888672, 1.075526475906372, 0.20296621322631836, 0.33594441413879395, 0.7297859191894531, 0.23963642120361328, 0.13162779808044434, 0.06467533111572266, 0.05475497245788574, 0.09476232528686523, 0.3212270736694336, 0.03098440170288086, 0.17046523094177246, 0.061835527420043945, 0.19884014129638672, 0.29970479011535645, 0.10900044441223145, 0.07867598533630371, 0.04566025733947754, 0.10427737236022949, 0.07697486877441406, 0.3996460437774658, 0.3099501132965088, 0.3289062976837158, 0.054379940032958984, 0.03645682334899902, 0.2452859878540039, 0.10118412971496582, 0.3829922676086426, 0.04158163070678711, 0.10550355911254883, 0.3246171474456787, 0.31772494316101074, 0.04146385192871094, 0.3888554573059082, 0.1640479564666748, 0.126816987991333, 0.14251351356506348, 0.04701495170593262, 0.45819568634033203, 0.47208356857299805, 0.09270071983337402, 0.05205559730529785, 0.7093544006347656, 0.2692723274230957, 0.13549184799194336, 0.06351280212402344, 0.041910409927368164, 0.6577494144439697, 0.45436573028564453]}


Method = single_attack
process_time_list = [2.152083158493042, 0.08120965957641602, 0.2709388732910156, 0.07343411445617676, 1.4641406536102295, 0.3072357177734375, 0.3472468852996826, 0.21460819244384766, 0.2081773281097412, 0.12110304832458496, 0.2642240524291992, 0.1136629581451416, 0.12317132949829102, 0.0910179615020752, 0.16075682640075684, 0.18817877769470215, 0.27678775787353516, 0.13429570198059082, 0.07059669494628906, 0.9502646923065186, 0.38080286979675293, 0.2840108871459961, 0.0975949764251709, 0.19925880432128906, 0.2050952911376953, 0.11080431938171387, 0.6412031650543213, 0.5980024337768555, 0.18623709678649902, 0.07841801643371582, 0.12438821792602539, 0.6788570880889893, 0.10178399085998535, 0.7537896633148193, 0.556708574295044, 0.1318035125732422, 0.08385658264160156, 0.18831110000610352, 0.10704684257507324, 0.12893223762512207, 0.33837223052978516, 0.07149028778076172, 0.13366985321044922, 0.13853240013122559, 1.5799541473388672, 0.499542236328125, 0.24117064476013184, 0.19730234146118164, 0.4828479290008545, 0.16592144966125488, 0.27998924255371094, 0.11004328727722168, 0.2015092372894287, 0.37741851806640625, 2.23355770111084, 0.2998318672180176, 0.9131920337677002, 0.07283377647399902, 0.3401503562927246, 0.13702964782714844, 0.24747133255004883, 0.08994841575622559, 0.07369804382324219, 0.2034778594970703, 0.07056355476379395, 0.09807991981506348, 0.5606689453125, 0.15190887451171875, 0.1623985767364502, 0.17803454399108887, 0.11003279685974121, 0.13699865341186523, 0.3072795867919922, 0.4638035297393799, 0.20258378982543945, 0.42058801651000977, 0.07966375350952148, 0.23606467247009277, 0.2102203369140625, 0.7985656261444092, 0.5729305744171143, 0.12812185287475586, 0.08937907218933105, 0.30393552780151367, 0.5843551158905029, 0.11323404312133789, 0.11293435096740723, 0.2434372901916504, 0.3719363212585449, 0.13076329231262207, 0.16468381881713867, 0.37166357040405273, 1.348647117614746, 0.24530386924743652, 0.09036445617675781, 0.19377541542053223, 0.32221174240112305, 0.6530287265777588, 0.4003431797027588, 0.1978166103363037, 0.1951160430908203, 0.511085033416748]
car_number_list = [0, 0, 0, 0, 24, 22, 0, 4, 2, 0, 0, 0, 0, 0, 0, 1, 6, 0, 0, 0, 33, 0, 0, 3, 12, 0, 52, 59, 0, 0, 0, 20, 0, 64, 43, 0, 0, 0, 0, 2, 25, 0, 0, 5, 170, 40, 16, 5, 43, 0, 13, 0, 4, 19, 255, 0, 90, 0, 27, 0, 0, 0, 0, 9, 0, 0, 55, 0, 0, 0, 0, 0, 4, 40, 0, 16, 0, 0, 0, 81, 28, 0, 0, 0, 0, 0, 0, 1, 31, 0, 7, 0, 0, 13, 0, 0, 0, 64, 0, 7, 0, 14]
person_number_list = [28, 0, 126, 0, 555, 21, 216, 118, 93, 36, 154, 23, 26, 15, 54, 71, 129, 53, 0, 672, 40, 159, 11, 99, 13, 26, 220, 84, 65, 11, 41, 306, 3, 456, 329, 18, 12, 71, 23, 41, 30, 6, 44, 11, 98, 106, 122, 91, 24, 52, 123, 27, 91, 195, 140, 154, 40, 9, 35, 9, 130, 3, 3, 49, 5, 11, 54, 53, 59, 84, 29, 53, 151, 155, 68, 163, 0, 113, 90, 241, 337, 16, 11, 154, 346, 1, 31, 121, 89, 40, 15, 207, 923, 70, 19, 74, 170, 96, 214, 72, 75, 272]

Method = single_attack
times = {'od': [2.1042559146881104, 0.0756688117980957, 0.10455584526062012, 0.06849813461303711, 0.07928037643432617, 0.0947413444519043, 0.0655982494354248, 0.05822038650512695, 0.07803082466125488, 0.07079553604125977, 0.05812788009643555, 0.07794404029846191, 0.08151745796203613, 0.06093335151672363, 0.07659220695495605, 0.08182287216186523, 0.09482741355895996, 0.05860710144042969, 0.0659799575805664, 0.06713056564331055, 0.07545089721679688, 0.07127118110656738, 0.07813215255737305, 0.06408214569091797, 0.07635498046875, 0.07328081130981445, 0.06342744827270508, 0.06303143501281738, 0.08910918235778809, 0.05769491195678711, 0.06496167182922363, 0.06072282791137695, 0.09060931205749512, 0.07711505889892578, 0.05959010124206543, 0.1012122631072998, 0.06167936325073242, 0.07896542549133301, 0.06657838821411133, 0.06971979141235352, 0.09496402740478516, 0.05913901329040527, 0.07229351997375488, 0.06193876266479492, 0.06856584548950195, 0.08673357963562012, 0.061438560485839844, 0.060794830322265625, 0.08125686645507812, 0.08145022392272949, 0.07806086540222168, 0.06548523902893066, 0.06009030342102051, 0.09361791610717773, 0.06592488288879395, 0.07012414932250977, 0.11706376075744629, 0.05494117736816406, 0.07491302490234375, 0.11948156356811523, 0.05035853385925293, 0.08055996894836426, 0.06398200988769531, 0.09030389785766602, 0.058608293533325195, 0.07772326469421387, 0.0711359977722168, 0.06760835647583008, 0.06925463676452637, 0.05023050308227539, 0.06623125076293945, 0.05317330360412598, 0.07448601722717285, 0.07488703727722168, 0.0958867073059082, 0.08761906623840332, 0.07419538497924805, 0.07460546493530273, 0.0688316822052002, 0.07432365417480469, 0.07483410835266113, 0.10117244720458984, 0.06796693801879883, 0.07409310340881348, 0.0830683708190918, 0.10542035102844238, 0.06638360023498535, 0.0650792121887207, 0.07396936416625977, 0.07150506973266602, 0.0754694938659668, 0.06825757026672363, 0.07394552230834961, 0.07874131202697754, 0.059584617614746094, 0.08199787139892578, 0.07432198524475098, 0.08587646484375, 0.07531213760375977, 0.07635974884033203, 0.07280564308166504, 0.0810708999633789], 'lr': [2.1077566146850586, 0.07923698425292969, 0.10631084442138672, 0.07149195671081543, 1.4631004333496094, 0.3063335418701172, 0.06715655326843262, 0.12765288352966309, 0.1390838623046875, 0.0723412036895752, 0.05979347229003906, 0.07949066162109375, 0.08429932594299316, 0.06261563301086426, 0.07830500602722168, 0.10671067237854004, 0.17753267288208008, 0.06035137176513672, 0.06912708282470703, 0.0687258243560791, 0.3798489570617676, 0.07287406921386719, 0.08006596565246582, 0.13918757438659668, 0.2039783000946045, 0.07469749450683594, 0.6400940418243408, 0.5969922542572021, 0.09152388572692871, 0.05970144271850586, 0.06637120246887207, 0.27262163162231445, 0.0925135612487793, 0.7527873516082764, 0.5029017925262451, 0.10295271873474121, 0.06360459327697754, 0.08056163787841797, 0.0682830810546875, 0.11502981185913086, 0.3371255397796631, 0.06176328659057617, 0.0738835334777832, 0.13739800453186035, 1.579085350036621, 0.49830126762390137, 0.23262405395507812, 0.1338670253753662, 0.4817969799041748, 0.08295297622680664, 0.24185419082641602, 0.06744027137756348, 0.1293506622314453, 0.29204797744750977, 2.232497215270996, 0.07222747802734375, 0.9122741222381592, 0.05697798728942871, 0.33901333808898926, 0.12221646308898926, 0.052271366119384766, 0.08343315124511719, 0.06674551963806152, 0.20226716995239258, 0.06053876876831055, 0.07951235771179199, 0.5594496726989746, 0.06920385360717773, 0.07085776329040527, 0.05175328254699707, 0.06775069236755371, 0.05484342575073242, 0.1431417465209961, 0.4628009796142578, 0.0976259708404541, 0.4197499752044678, 0.0777139663696289, 0.0761263370513916, 0.0705099105834961, 0.797443151473999, 0.35337090492248535, 0.10296797752380371, 0.06969356536865234, 0.07586669921875, 0.0855720043182373, 0.10901379585266113, 0.06792306900024414, 0.12213826179504395, 0.3709101676940918, 0.07335853576660156, 0.16350889205932617, 0.0699162483215332, 0.0758054256439209, 0.24386096000671387, 0.061908721923828125, 0.08384919166564941, 0.076080322265625, 0.6520414352416992, 0.07679557800292969, 0.1676654815673828, 0.07452392578125, 0.2546420097351074], 'pr': [2.151176929473877, 0.0792992115020752, 0.2699432373046875, 0.0717766284942627, 0.7917625904083252, 0.12468123435974121, 0.3463118076324463, 0.21372437477111816, 0.20724272727966309, 0.12017059326171875, 0.2633521556854248, 0.11269593238830566, 0.12214922904968262, 0.08977270126342773, 0.1597437858581543, 0.18732571601867676, 0.27593040466308594, 0.1334373950958252, 0.06929469108581543, 0.949169397354126, 0.13292741775512695, 0.2830231189727783, 0.09655427932739258, 0.19829654693603516, 0.09548091888427734, 0.10999608039855957, 0.3642692565917969, 0.18302106857299805, 0.18529725074768066, 0.07740497589111328, 0.12132573127746582, 0.5080556869506836, 0.10051631927490234, 0.7262916564941406, 0.5555891990661621, 0.1306624412536621, 0.08263969421386719, 0.18714618682861328, 0.10367226600646973, 0.12773728370666504, 0.13830351829528809, 0.07017827033996582, 0.13244056701660156, 0.08076286315917969, 0.2141118049621582, 0.24439311027526855, 0.24008440971374512, 0.19617390632629395, 0.11775946617126465, 0.16488242149353027, 0.2788217067718506, 0.1090540885925293, 0.20030951499938965, 0.37636590003967285, 0.29885053634643555, 0.29883718490600586, 0.1861553192138672, 0.0716862678527832, 0.12943768501281738, 0.13595104217529297, 0.24538040161132812, 0.08872365951538086, 0.0724341869354248, 0.16908574104309082, 0.06937813758850098, 0.09696483612060547, 0.1584005355834961, 0.15079855918884277, 0.16131353378295898, 0.17679619789123535, 0.10880470275878906, 0.13583159446716309, 0.30600881576538086, 0.30751943588256836, 0.20142197608947754, 0.31896257400512695, 0.07773780822753906, 0.2348799705505371, 0.20911717414855957, 0.4292142391204834, 0.5718607902526855, 0.12704944610595703, 0.08818387985229492, 0.3028130531311035, 0.5832955837249756, 0.11169028282165527, 0.1118459701538086, 0.24237585067749023, 0.20374393463134766, 0.12968111038208008, 0.09932160377502441, 0.37055420875549316, 1.3473360538482666, 0.19654417037963867, 0.0893716812133789, 0.19267582893371582, 0.32118773460388184, 0.223006010055542, 0.3993494510650635, 0.19677233695983887, 0.1940920352935791, 0.5100314617156982]}


Method = original
process_time_list = [2.280559539794922, 0.019584178924560547, 0.06426715850830078, 0.014067649841308594, 0.01270604133605957, 0.01355886459350586, 0.018244504928588867, 0.01309823989868164, 0.01866436004638672, 0.01956915855407715, 0.0553896427154541, 0.014028549194335938, 0.01405954360961914, 0.1193094253540039, 0.07834243774414062, 0.01351785659790039, 0.019060373306274414, 0.01717662811279297, 0.016252756118774414, 0.0821676254272461, 0.0289151668548584, 0.4369394779205322, 0.014198064804077148, 0.011805534362792969, 0.013465642929077148, 0.014854669570922852, 0.062427520751953125, 1.7217400074005127, 0.06224656105041504, 0.015543937683105469, 0.017896175384521484, 0.012692451477050781, 0.012808799743652344, 0.019560813903808594, 0.011806488037109375, 0.01372385025024414, 0.018572330474853516, 0.01487874984741211, 0.08093595504760742, 0.014627933502197266, 0.014504671096801758, 0.013884305953979492, 0.016032934188842773, 0.016963720321655273, 0.09265446662902832, 0.012929677963256836, 0.013402700424194336, 0.013364791870117188, 0.09341311454772949, 0.10055088996887207, 0.1101996898651123, 0.02478504180908203, 0.13903594017028809, 0.06105494499206543, 0.07201099395751953, 0.09675097465515137, 0.0911111831665039, 0.014748573303222656, 0.04764437675476074, 0.11546587944030762, 0.046373605728149414, 0.015436887741088867, 0.033599138259887695, 0.014970541000366211, 0.016675472259521484, 0.02625584602355957, 0.016947269439697266, 0.2150890827178955, 0.013203620910644531, 0.11764264106750488, 0.014420270919799805, 0.0859062671661377, 0.03168225288391113, 0.15704631805419922, 0.046639204025268555, 0.0768578052520752, 0.014509201049804688, 0.01482701301574707, 0.14496350288391113, 0.01393437385559082, 0.014459848403930664, 0.014164209365844727, 0.028113365173339844, 0.17609405517578125, 0.013777494430541992, 0.014039039611816406, 0.017621517181396484, 0.21237707138061523, 0.022591352462768555, 0.03521919250488281, 0.01439046859741211, 0.13685131072998047, 0.05878019332885742, 0.1369190216064453, 0.013927459716796875, 0.013770580291748047, 0.19939017295837402, 0.014201164245605469, 0.049967288970947266, 0.01371908187866211, 0.012900114059448242, 0.01342630386352539]
car_number_list = [0, 0, 0, 0, 0, 0, 0, 0, 0, 0, 0, 0, 0, 0, 0, 0, 0, 0, 0, 0, 0, 0, 0, 0, 0, 0, 0, 5, 0, 0, 0, 0, 0, 0, 0, 0, 0, 0, 0, 0, 0, 0, 0, 0, 2, 0, 0, 0, 4, 0, 0, 0, 0, 0, 5, 0, 0, 0, 0, 0, 1, 0, 0, 0, 0, 0, 0, 0, 0, 0, 0, 0, 0, 0, 0, 0, 0, 0, 0, 0, 0, 0, 0, 0, 0, 0, 0, 0, 0, 0, 0, 0, 0, 0, 0, 0, 0, 0, 0, 0, 0, 0]
person_number_list = [2, 0, 1, 0, 0, 0, 0, 0, 2, 0, 13, 0, 0, 1, 1, 0, 0, 0, 0, 1, 1, 12, 0, 0, 0, 0, 4, 3, 6, 0, 0, 0, 0, 0, 0, 0, 0, 0, 1, 0, 0, 0, 1, 0, 0, 0, 0, 0, 1, 4, 7, 2, 14, 1, 2, 6, 1, 0, 4, 1, 0, 0, 1, 0, 0, 1, 0, 16, 0, 1, 0, 5, 1, 3, 1, 1, 0, 0, 8, 0, 0, 0, 1, 11, 0, 0, 1, 9, 1, 11, 0, 15, 3, 2, 0, 0, 11, 0, 3, 0, 0, 0]

Method = original
times = {'od': [2.057421922683716, 0.01609635353088379, 0.010802507400512695, 0.010418176651000977, 0.00981760025024414, 0.010033607482910156, 0.014560461044311523, 0.009962320327758789, 0.010258674621582031, 0.01578068733215332, 0.011130809783935547, 0.010514020919799805, 0.010517120361328125, 0.013963937759399414, 0.011162042617797852, 0.010132789611816406, 0.015495061874389648, 0.012923479080200195, 0.012340307235717773, 0.015814781188964844, 0.010208606719970703, 0.015090703964233398, 0.010339021682739258, 0.008047103881835938, 0.009850025177001953, 0.011337041854858398, 0.010697126388549805, 0.011968851089477539, 0.012382745742797852, 0.012047290802001953, 0.014572381973266602, 0.009955167770385742, 0.010056734085083008, 0.015088319778442383, 0.008397340774536133, 0.010019302368164062, 0.015312433242797852, 0.011313199996948242, 0.01061248779296875, 0.01047372817993164, 0.01099395751953125, 0.010332107543945312, 0.010231494903564453, 0.013652563095092773, 0.00997781753540039, 0.009182214736938477, 0.009885311126708984, 0.010349750518798828, 0.01025700569152832, 0.010703086853027344, 0.011382102966308594, 0.010820388793945312, 0.012253046035766602, 0.010261058807373047, 0.012276649475097656, 0.011114835739135742, 0.015075206756591797, 0.011428356170654297, 0.010633707046508789, 0.010476350784301758, 0.011250972747802734, 0.011948823928833008, 0.010915756225585938, 0.011280298233032227, 0.01329183578491211, 0.01130056381225586, 0.013571977615356445, 0.01190495491027832, 0.009679317474365234, 0.010958671569824219, 0.010776281356811523, 0.010816812515258789, 0.011701822280883789, 0.011825799942016602, 0.010381221771240234, 0.014155387878417969, 0.010609865188598633, 0.010929346084594727, 0.016800403594970703, 0.01030588150024414, 0.010689496994018555, 0.010100841522216797, 0.01030874252319336, 0.01132965087890625, 0.010389328002929688, 0.010468482971191406, 0.010577678680419922, 0.01743793487548828, 0.010401010513305664, 0.012960433959960938, 0.010635137557983398, 0.017789602279663086, 0.01358652114868164, 0.010139703750610352, 0.010594606399536133, 0.009902238845825195, 0.011479854583740234, 0.010382413864135742, 0.014322519302368164, 0.010204792022705078, 0.009460926055908203, 0.009958744049072266], 'lr': [2.061173439025879, 0.017693281173706055, 0.012792587280273438, 0.012069463729858398, 0.011400699615478516, 0.011615753173828125, 0.01637554168701172, 0.011692523956298828, 0.012058496475219727, 0.017548561096191406, 0.012739896774291992, 0.012015104293823242, 0.011996030807495117, 0.01563549041748047, 0.013181447982788086, 0.01190328598022461, 0.017912626266479492, 0.014926433563232422, 0.014209747314453125, 0.017783164978027344, 0.012172222137451172, 0.01679253578186035, 0.01216745376586914, 0.009621143341064453, 0.011414527893066406, 0.01286458969116211, 0.012372255325317383, 1.7202658653259277, 0.014195680618286133, 0.014847517013549805, 0.016542434692382812, 0.011359453201293945, 0.011390209197998047, 0.016928434371948242, 0.009852886199951172, 0.01152181625366211, 0.016660690307617188, 0.012766361236572266, 0.01219320297241211, 0.012143373489379883, 0.014653682708740234, 0.011776924133300781, 0.01201009750366211, 0.015032529830932617, 0.09107017517089844, 0.01099395751953125, 0.0118865966796875, 0.01190948486328125, 0.09248995780944824, 0.012226343154907227, 0.013129711151123047, 0.01237344741821289, 0.01376032829284668, 0.011936664581298828, 0.07099771499633789, 0.012438297271728516, 0.016724824905395508, 0.012727499008178711, 0.012197256088256836, 0.012013435363769531, 0.04457378387451172, 0.013390064239501953, 0.012569427490234375, 0.012938499450683594, 0.01456761360168457, 0.013025999069213867, 0.014837980270385742, 0.013482809066772461, 0.011106729507446289, 0.012630224227905273, 0.012444734573364258, 0.01244044303894043, 0.013391971588134766, 0.01360630989074707, 0.01212310791015625, 0.015735387802124023, 0.0123138427734375, 0.012690067291259766, 0.018065690994262695, 0.011815547943115234, 0.012404203414916992, 0.011980772018432617, 0.011918306350708008, 0.013001680374145508, 0.01169729232788086, 0.012127161026000977, 0.012181282043457031, 0.019196033477783203, 0.011917591094970703, 0.014573812484741211, 0.012241125106811523, 0.019501686096191406, 0.015305519104003906, 0.011778116226196289, 0.011906147003173828, 0.011583805084228516, 0.01284646987915039, 0.011895418167114258, 0.01598191261291504, 0.0116119384765625, 0.010730981826782227, 0.011419534683227539], 'pr': [2.2793476581573486, 0.018129825592041016, 0.06301140785217285, 0.012328624725341797, 0.011804342269897461, 0.011917829513549805, 0.016467809677124023, 0.011658430099487305, 0.01689624786376953, 0.017453670501708984, 0.054474830627441406, 0.012415885925292969, 0.012360095977783203, 0.11767196655273438, 0.07675290107727051, 0.011811971664428711, 0.017134904861450195, 0.01527714729309082, 0.01448678970336914, 0.08038878440856934, 0.027204275131225586, 0.43535542488098145, 0.012223005294799805, 0.009928464889526367, 0.011861085891723633, 0.013217926025390625, 0.06113553047180176, 0.033976078033447266, 0.06100940704345703, 0.013847112655639648, 0.016460418701171875, 0.011776447296142578, 0.011750221252441406, 0.016760826110839844, 0.010222673416137695, 0.01186823844909668, 0.017032861709594727, 0.013244152069091797, 0.07917308807373047, 0.012044906616210938, 0.012798309326171875, 0.012165069580078125, 0.014711618423461914, 0.015493392944335938, 0.01168370246887207, 0.010933399200439453, 0.011708498001098633, 0.012039661407470703, 0.031259775161743164, 0.09905505180358887, 0.10884380340576172, 0.023466110229492188, 0.1366884708404541, 0.05945444107055664, 0.018348217010498047, 0.09525108337402344, 0.08954048156738281, 0.013297796249389648, 0.046389102935791016, 0.11382603645324707, 0.013154745101928711, 0.01360011100769043, 0.03224062919616699, 0.013036727905273438, 0.014965057373046875, 0.02481532096862793, 0.015503168106079102, 0.21345043182373047, 0.011816024780273438, 0.1159367561340332, 0.012861967086791992, 0.08438801765441895, 0.030319929122924805, 0.1554417610168457, 0.04523158073425293, 0.07531023025512695, 0.012567281723022461, 0.013118267059326172, 0.14340901374816895, 0.012165069580078125, 0.012642621994018555, 0.012144327163696289, 0.026731014251708984, 0.17457246780395508, 0.012363195419311523, 0.012043952941894531, 0.016048431396484375, 0.21072697639465332, 0.021265268325805664, 0.03412342071533203, 0.012711763381958008, 0.1352379322052002, 0.05714535713195801, 0.13542509078979492, 0.01253652572631836, 0.011905670166015625, 0.1981494426727295, 0.012319564819335938, 0.048566579818725586, 0.012137174606323242, 0.011243581771850586, 0.01178431510925293]}


Method = adaptive_attack_car
process_time_list = [12.024198770523071, 7.429853439331055, 8.894712686538696, 7.818374872207642, 8.173736810684204, 9.847367286682129, 7.863404989242554, 7.2449188232421875, 8.138660669326782, 8.114623785018921, 9.158324241638184, 8.353817224502563, 8.14350938796997, 7.352471113204956, 8.119833946228027, 8.698427438735962, 8.323699951171875, 5.577425956726074, 8.516719102859497, 8.123675107955933, 7.2789037227630615, 8.226090431213379, 7.72873854637146, 6.875283241271973, 7.864489316940308, 6.347002267837524, 8.366368532180786, 8.12383508682251, 10.206312656402588, 7.809303045272827, 6.766489505767822, 8.555678606033325, 7.517644166946411, 8.480943441390991, 7.800220251083374, 8.213780879974365, 7.225426197052002, 9.449129104614258, 7.659644842147827, 7.634350061416626, 7.207262277603149, 7.517650127410889, 7.899097681045532, 7.206279993057251, 9.095051050186157, 8.576790571212769, 8.882696628570557, 8.583011865615845, 8.27155065536499, 7.618502855300903, 8.201981544494629, 8.395055532455444, 7.729089260101318, 8.255745649337769, 10.216055154800415, 8.223986625671387, 8.902809381484985, 7.871591091156006, 8.246803998947144, 9.204724311828613, 8.236140966415405, 9.985615015029907, 8.548654794692993, 7.2565906047821045, 7.532607078552246, 7.4297380447387695, 8.639062643051147, 7.381507396697998, 8.53558874130249, 7.727083921432495, 8.116196155548096, 7.573884963989258, 7.826331615447998, 7.680156946182251, 8.33182978630066, 9.320775747299194, 9.388323545455933, 7.807898283004761, 8.678171873092651, 7.965848207473755, 6.692534923553467, 7.428797721862793, 7.531696319580078, 7.846841812133789, 7.877728700637817, 8.75284218788147, 9.274079084396362, 7.950285196304321, 9.586801290512085, 8.591849565505981, 8.753937005996704, 7.530738830566406, 7.22724723815918, 8.020308256149292, 6.886588096618652, 8.69176197052002, 9.396440744400024, 9.210651874542236, 9.604660034179688, 7.68096399307251, 8.076843500137329, 8.22186017036438]
car_number_list = [1017, 913, 1068, 934, 967, 1163, 918, 851, 967, 928, 1067, 995, 993, 873, 955, 1047, 997, 669, 1025, 986, 872, 984, 913, 827, 935, 744, 981, 966, 1209, 910, 818, 1029, 891, 1018, 925, 980, 862, 1124, 902, 891, 848, 901, 949, 855, 1085, 1021, 1040, 1023, 984, 910, 982, 1003, 926, 1006, 1222, 992, 1088, 964, 987, 1120, 993, 1194, 1018, 857, 894, 876, 1031, 883, 1021, 918, 970, 911, 924, 912, 1006, 1116, 1117, 935, 1016, 967, 811, 897, 910, 952, 947, 1041, 1119, 952, 1156, 1050, 1056, 891, 873, 959, 827, 1050, 1147, 1113, 1150, 927, 981, 993]
person_number_list = [1, 0, 0, 0, 0, 0, 0, 0, 0, 0, 0, 1, 0, 0, 0, 0, 0, 0, 0, 1, 0, 0, 0, 0, 0, 0, 0, 1, 0, 0, 1, 0, 0, 0, 0, 0, 0, 0, 1, 0, 0, 0, 0, 0, 3, 1, 0, 0, 0, 0, 1, 0, 0, 1, 0, 0, 0, 0, 0, 0, 1, 1, 1, 1, 0, 0, 0, 0, 0, 0, 1, 0, 0, 1, 0, 3, 0, 0, 0, 1, 0, 1, 0, 0, 0, 0, 0, 0, 0, 1, 1, 0, 0, 0, 0, 0, 0, 2, 1, 2, 1, 0]

Method = adaptive_attack_car
times = {'od': [2.476684808731079, 0.0766611099243164, 0.08527231216430664, 0.07556557655334473, 0.07616901397705078, 0.09276390075683594, 0.07777070999145508, 0.0664224624633789, 0.08292484283447266, 0.07446742057800293, 0.08308672904968262, 0.0785820484161377, 0.07889699935913086, 0.06967997550964355, 0.07718682289123535, 0.08137989044189453, 0.07158493995666504, 0.05332803726196289, 0.0740351676940918, 0.07781171798706055, 0.0675058364868164, 0.0782613754272461, 0.06857180595397949, 0.06268548965454102, 0.0759589672088623, 0.05745530128479004, 0.0714118480682373, 0.07467889785766602, 0.0927731990814209, 0.07145571708679199, 0.06378507614135742, 0.08214402198791504, 0.07373905181884766, 0.07913780212402344, 0.06798505783081055, 0.07573318481445312, 0.06548571586608887, 0.09653043746948242, 0.07348513603210449, 0.07213425636291504, 0.06376767158508301, 0.07110118865966797, 0.07602548599243164, 0.06859207153320312, 0.08400177955627441, 0.0813910961151123, 0.08165359497070312, 0.07918310165405273, 0.0728447437286377, 0.07177352905273438, 0.07107424736022949, 0.07844257354736328, 0.0748300552368164, 0.07937192916870117, 0.09389877319335938, 0.07808542251586914, 0.08473753929138184, 0.0757594108581543, 0.07741689682006836, 0.08603119850158691, 0.0715036392211914, 0.09220218658447266, 0.07997632026672363, 0.06974053382873535, 0.06664395332336426, 0.06986737251281738, 0.07525634765625, 0.06971001625061035, 0.08934926986694336, 0.06711721420288086, 0.07038259506225586, 0.07285690307617188, 0.06787109375, 0.18564748764038086, 0.08205962181091309, 0.08620691299438477, 0.08495330810546875, 0.07393574714660645, 0.07265233993530273, 0.07419562339782715, 0.0605769157409668, 0.07057571411132812, 0.06662416458129883, 0.07441353797912598, 0.07123613357543945, 0.08059048652648926, 0.08640360832214355, 0.07461786270141602, 0.08787250518798828, 0.08120036125183105, 0.08278989791870117, 0.07059764862060547, 0.06445932388305664, 0.0756978988647461, 0.061565399169921875, 0.08114933967590332, 0.09061264991760254, 0.08571219444274902, 0.0955049991607666, 0.09868574142456055, 0.07105851173400879, 0.07712078094482422], 'lr': [12.022821426391602, 7.428496599197388, 8.893335342407227, 7.817047119140625, 8.172421932220459, 9.846217155456543, 7.862059831619263, 7.2437286376953125, 8.137336015701294, 8.11303186416626, 9.156912326812744, 8.352372169494629, 8.14207410812378, 7.35108757019043, 8.11843466758728, 8.69697117805481, 8.32236099243164, 5.576075315475464, 8.515274047851562, 8.121415376663208, 7.277592897415161, 8.225061655044556, 7.727185964584351, 6.8739917278289795, 7.86312460899353, 6.345556974411011, 8.364908933639526, 8.122516632080078, 10.204921007156372, 7.8077921867370605, 6.765234708786011, 8.554287195205688, 7.516188621520996, 8.479472875595093, 7.799039840698242, 8.212547779083252, 7.224282741546631, 9.447697639465332, 7.658627271652222, 7.632924795150757, 7.205892562866211, 7.516417980194092, 7.897844076156616, 7.204903602600098, 9.093616962432861, 8.575183391571045, 8.881284713745117, 8.581673622131348, 8.269888639450073, 7.617068290710449, 8.200545072555542, 8.393552780151367, 7.727511644363403, 8.25440502166748, 10.214609861373901, 8.222561359405518, 8.901479244232178, 7.870215177536011, 8.245635271072388, 9.203300714492798, 8.234724283218384, 9.984222173690796, 8.547244310379028, 7.2550859451293945, 7.531239748001099, 7.42844557762146, 8.63763952255249, 7.379932165145874, 8.534041404724121, 7.725702285766602, 8.114767074584961, 7.5724639892578125, 7.824911594390869, 7.6788856983184814, 8.33024549484253, 9.31918478012085, 9.386807918548584, 7.806429147720337, 8.676923274993896, 7.964509725570679, 6.691116809844971, 7.42739462852478, 7.53033971786499, 7.845472097396851, 7.87619686126709, 8.751346349716187, 9.272501707077026, 7.9488465785980225, 9.585447072982788, 8.590335130691528, 8.752386569976807, 7.529204368591309, 7.225743055343628, 8.018707990646362, 6.885068416595459, 8.690412759780884, 9.395045042037964, 9.209212064743042, 9.603195905685425, 7.6796228885650635, 8.075313806533813, 8.220285177230835], 'pr': [2.608031988143921, 0.07880687713623047, 0.08838772773742676, 0.07778334617614746, 0.07899236679077148, 0.09455585479736328, 0.08025050163269043, 0.06899905204772949, 0.08610033988952637, 0.07750868797302246, 0.08521127700805664, 0.10245609283447266, 0.08144521713256836, 0.07182574272155762, 0.0815727710723877, 0.08345532417297363, 0.07349348068237305, 0.05529904365539551, 0.07629704475402832, 0.20163822174072266, 0.07058095932006836, 0.0803227424621582, 0.07051420211791992, 0.0647878646850586, 0.07860207557678223, 0.059464216232299805, 0.07342839241027832, 0.18740081787109375, 0.09539580345153809, 0.07350397109985352, 0.2215423583984375, 0.08437585830688477, 0.07569146156311035, 0.08065366744995117, 0.06968259811401367, 0.07761049270629883, 0.0679621696472168, 0.0986642837524414, 0.17542815208435059, 0.07375836372375488, 0.06575560569763184, 0.07353496551513672, 0.07760334014892578, 0.07055044174194336, 0.3207666873931885, 0.08506274223327637, 0.08324980735778809, 0.08114957809448242, 0.07534980773925781, 0.07367634773254395, 0.5085501670837402, 0.0803534984588623, 0.07665276527404785, 0.08318853378295898, 0.09575700759887695, 0.0804598331451416, 0.08673262596130371, 0.07765054702758789, 0.07927751541137695, 0.0879518985748291, 0.19586682319641113, 0.20541954040527344, 0.12340807914733887, 0.07515239715576172, 0.0688621997833252, 0.07418489456176758, 0.07747626304626465, 0.07162070274353027, 0.09127545356750488, 0.06909346580505371, 0.07950091361999512, 0.0748598575592041, 0.06949996948242188, 0.18989133834838867, 0.08412003517150879, 0.5367469787597656, 0.08687520027160645, 0.07588934898376465, 0.07452869415283203, 0.19064688682556152, 0.06219911575317383, 0.3896801471710205, 0.06853294372558594, 0.07904815673828125, 0.07337117195129395, 0.0825345516204834, 0.08800435066223145, 0.07692074775695801, 0.08971548080444336, 0.6197082996368408, 0.28220295906066895, 0.07251906394958496, 0.06653213500976562, 0.07758951187133789, 0.06310892105102539, 0.08299541473388672, 0.09247374534606934, 0.14149022102355957, 0.26789188385009766, 0.22154569625854492, 0.10038304328918457, 0.07857108116149902]}


