Method = before_attacking
process_time_list = [2.213075876235962, 0.019681930541992188, 0.016822338104248047, 0.016306638717651367, 0.016658782958984375, 0.01636528968811035, 0.016391515731811523, 0.01697063446044922, 0.01705646514892578, 0.017095565795898438, 0.016566991806030273, 0.01717066764831543, 0.016422271728515625, 0.017269372940063477, 0.016911745071411133, 0.01646256446838379, 0.01592254638671875, 0.015736103057861328, 0.017756223678588867, 0.017822980880737305, 0.015914201736450195, 0.01754140853881836, 0.016678810119628906, 0.018917083740234375, 0.0167543888092041, 0.015855789184570312, 0.016370773315429688, 0.0176544189453125, 0.017014265060424805, 0.019429922103881836, 0.017301321029663086, 0.016213417053222656, 0.018193483352661133, 0.016351938247680664, 0.017894506454467773, 0.01777195930480957, 0.01759171485900879, 0.01834726333618164, 0.01668405532836914, 0.016657352447509766, 0.016564369201660156, 0.0173647403717041, 0.016222715377807617, 0.01693558692932129, 0.015282869338989258, 0.016603946685791016, 0.01665329933166504, 0.01690053939819336, 0.01693868637084961, 0.016365528106689453, 0.016849517822265625, 0.017002105712890625, 0.016711711883544922, 0.016592025756835938, 0.01718926429748535, 0.017284631729125977, 0.01684427261352539, 0.01684117317199707, 0.016933441162109375, 0.017746925354003906, 0.015424966812133789, 0.019907474517822266, 0.01646876335144043, 0.015419721603393555, 0.01649022102355957, 0.016056060791015625, 0.01634049415588379, 0.017087697982788086, 0.017276763916015625, 0.017768144607543945, 0.017626285552978516, 0.019946813583374023, 0.017287015914916992, 0.01777482032775879, 0.0171051025390625, 0.017630338668823242, 0.016103267669677734, 0.017345666885375977, 0.016646385192871094, 0.017381906509399414, 0.01665973663330078, 0.015656471252441406, 0.016660690307617188, 0.018652915954589844, 0.017067909240722656, 0.016808748245239258, 0.016956567764282227, 0.016389131546020508, 0.016062021255493164, 0.01663494110107422, 0.01831221580505371, 0.017102479934692383, 0.017869234085083008, 0.017679929733276367, 0.017021656036376953, 0.018779516220092773, 0.01761484146118164, 0.016831398010253906, 0.018036842346191406, 0.017472028732299805, 0.016756772994995117, 0.01757049560546875]
car_number_list = [0, 0, 0, 0, 0, 0, 0, 0, 0, 0, 0, 0, 0, 0, 0, 0, 0, 0, 0, 0, 0, 0, 0, 0, 0, 0, 0, 0, 0, 0, 0, 0, 0, 0, 0, 0, 0, 0, 0, 0, 0, 0, 0, 0, 0, 0, 0, 0, 0, 0, 0, 0, 0, 0, 0, 0, 0, 0, 0, 0, 0, 0, 0, 0, 0, 0, 0, 0, 0, 0, 0, 0, 0, 0, 0, 0, 0, 0, 0, 0, 0, 0, 0, 0, 0, 0, 0, 0, 0, 0, 0, 0, 0, 0, 0, 0, 0, 0, 0, 0, 0, 0]
person_number_list = [0, 0, 0, 0, 0, 0, 0, 0, 0, 0, 0, 0, 0, 0, 0, 0, 0, 0, 0, 0, 0, 0, 0, 0, 0, 0, 0, 0, 0, 0, 0, 0, 0, 0, 0, 0, 0, 0, 0, 0, 0, 0, 0, 0, 0, 0, 0, 0, 0, 0, 0, 0, 0, 0, 0, 0, 0, 0, 0, 0, 0, 0, 0, 0, 0, 0, 0, 0, 0, 0, 0, 0, 0, 0, 0, 0, 0, 0, 0, 0, 0, 0, 0, 0, 0, 0, 0, 0, 0, 0, 0, 0, 0, 0, 0, 0, 0, 0, 0, 0, 0, 0]

Method = before_attacking
process_time_list = [2.2814443111419678, 1.7951083183288574, 1.3078460693359375, 0.8180429935455322, 0.3278987407684326, 0.01573657989501953, 0.015610456466674805, 0.015831470489501953, 0.016333341598510742, 0.01508641242980957, 0.01616191864013672, 0.0162508487701416, 0.017000436782836914, 0.015486717224121094, 0.015516281127929688, 0.01609063148498535, 0.014490127563476562, 0.01623082160949707, 0.015347957611083984, 0.015374183654785156, 0.01530313491821289, 0.015643596649169922, 0.014707326889038086, 0.017704248428344727, 0.01600813865661621, 0.015032768249511719, 0.015051603317260742, 0.015569448471069336, 0.014861822128295898, 0.017162561416625977, 0.017037630081176758, 0.015506982803344727, 0.02005314826965332, 0.016663074493408203, 0.015527009963989258, 0.016878604888916016, 0.015494346618652344, 0.016335248947143555, 0.015009403228759766, 0.015400409698486328, 0.014964580535888672, 0.015045166015625, 0.015256881713867188, 0.016555070877075195, 0.016014575958251953, 0.015537738800048828, 0.015619516372680664, 0.014397859573364258, 0.015939712524414062, 0.01623225212097168, 0.015560626983642578, 0.015389204025268555, 0.015372753143310547, 0.016261816024780273, 0.01964855194091797, 0.014708995819091797, 0.015854597091674805, 0.01705646514892578, 0.016329288482666016, 0.014679908752441406, 0.01490163803100586, 0.016069889068603516, 0.015432119369506836, 0.015495538711547852, 0.015360116958618164, 0.014650821685791016, 0.015645742416381836, 0.015400409698486328, 0.016777515411376953, 0.015847444534301758, 0.015141487121582031, 0.015576601028442383, 0.015556812286376953, 0.014774560928344727, 0.015412330627441406, 0.01683640480041504, 0.016614437103271484, 0.0165712833404541, 0.014699697494506836, 0.016684532165527344, 0.015422582626342773, 0.017499685287475586, 0.019051313400268555, 0.01679515838623047, 0.01609063148498535, 0.01596546173095703, 0.01647186279296875, 0.016573667526245117, 0.018549203872680664, 0.01564311981201172, 0.016117572784423828, 0.015997648239135742, 0.016103506088256836, 0.015181779861450195, 0.01826930046081543, 0.017223358154296875, 0.015993833541870117, 0.015970706939697266, 0.018206357955932617, 0.019164562225341797, 0.016350507736206055, 0.01647472381591797]
car_number_list = [0, 0, 0, 0, 0, 0, 0, 0, 0, 0, 0, 0, 0, 0, 0, 0, 0, 0, 0, 0, 0, 0, 0, 0, 0, 0, 0, 0, 0, 0, 0, 0, 0, 0, 0, 0, 0, 0, 0, 0, 0, 0, 0, 0, 0, 0, 0, 0, 0, 0, 0, 0, 0, 0, 0, 0, 0, 0, 0, 0, 0, 0, 0, 0, 0, 0, 0, 0, 0, 0, 0, 0, 0, 0, 0, 0, 0, 0, 0, 0, 0, 0, 0, 0, 0, 0, 0, 0, 0, 0, 0, 0, 0, 0, 0, 0, 0, 0, 0, 0, 0, 0]
person_number_list = [0, 0, 0, 0, 0, 0, 0, 0, 0, 0, 0, 0, 0, 0, 0, 0, 0, 0, 0, 0, 0, 0, 0, 0, 0, 0, 0, 0, 0, 0, 0, 0, 0, 0, 0, 0, 0, 0, 0, 0, 0, 0, 0, 0, 0, 0, 0, 0, 0, 0, 0, 0, 0, 0, 0, 0, 0, 0, 0, 0, 0, 0, 0, 0, 0, 0, 0, 0, 0, 0, 0, 0, 0, 0, 0, 0, 0, 0, 0, 0, 0, 0, 0, 0, 0, 0, 0, 0, 0, 0, 0, 0, 0, 0, 0, 0, 0, 0, 0, 0, 0, 0]

Method = before_attacking
times = {'od': [2.26918625831604, 1.790344476699829, 1.302971601486206, 0.8127627372741699, 0.3241732120513916, 0.011004924774169922, 0.011282682418823242, 0.01087641716003418, 0.011127471923828125, 0.010740518569946289, 0.010938882827758789, 0.011083126068115234, 0.011222124099731445, 0.011179924011230469, 0.010986089706420898, 0.010561466217041016, 0.00997614860534668, 0.01097249984741211, 0.010098457336425781, 0.010712385177612305, 0.00997614860534668, 0.011125564575195312, 0.010222911834716797, 0.01087331771850586, 0.010726213455200195, 0.010726213455200195, 0.010190248489379883, 0.01050257682800293, 0.010254621505737305, 0.012208700180053711, 0.010703563690185547, 0.01095890998840332, 0.014174461364746094, 0.01112985610961914, 0.010974407196044922, 0.011098146438598633, 0.011186361312866211, 0.010939359664916992, 0.010861635208129883, 0.010929107666015625, 0.010320425033569336, 0.010510444641113281, 0.010710954666137695, 0.010809659957885742, 0.01068735122680664, 0.010019063949584961, 0.011081457138061523, 0.009910821914672852, 0.010585784912109375, 0.010940074920654297, 0.010282039642333984, 0.01024484634399414, 0.010074138641357422, 0.010854005813598633, 0.014098882675170898, 0.010538101196289062, 0.010960817337036133, 0.012763738632202148, 0.011668682098388672, 0.010453939437866211, 0.009670734405517578, 0.010532855987548828, 0.010128974914550781, 0.010750055313110352, 0.010363101959228516, 0.010497093200683594, 0.010198593139648438, 0.01021265983581543, 0.010947704315185547, 0.010717391967773438, 0.010138988494873047, 0.010974884033203125, 0.010115385055541992, 0.010736942291259766, 0.010394573211669922, 0.010263442993164062, 0.01017308235168457, 0.011071920394897461, 0.010264396667480469, 0.010623693466186523, 0.010209083557128906, 0.013013124465942383, 0.013680696487426758, 0.01136922836303711, 0.010338068008422852, 0.010568857192993164, 0.010639190673828125, 0.011336326599121094, 0.013386964797973633, 0.01128530502319336, 0.010797739028930664, 0.010837793350219727, 0.010874032974243164, 0.01067805290222168, 0.010242223739624023, 0.011313676834106445, 0.01077413558959961, 0.01157069206237793, 0.011995077133178711, 0.014183282852172852, 0.010735273361206055, 0.010419607162475586], 'lr': [2.274707555770874, 1.7931232452392578, 1.3054075241088867, 0.8151772022247314, 0.3260533809661865, 0.01323390007019043, 0.013869285583496094, 0.013170957565307617, 0.013430356979370117, 0.013332843780517578, 0.013400793075561523, 0.013399124145507812, 0.013870000839233398, 0.013970136642456055, 0.013512134552001953, 0.013336896896362305, 0.012555837631225586, 0.013635635375976562, 0.01262664794921875, 0.013492107391357422, 0.012503862380981445, 0.013649940490722656, 0.012725353240966797, 0.013523101806640625, 0.013360023498535156, 0.013340950012207031, 0.012838602066040039, 0.013129472732543945, 0.012865543365478516, 0.014938116073608398, 0.01327967643737793, 0.013417720794677734, 0.017101049423217773, 0.01367044448852539, 0.01363992691040039, 0.013768911361694336, 0.013518571853637695, 0.013632059097290039, 0.013555049896240234, 0.013707399368286133, 0.01285862922668457, 0.012923955917358398, 0.01333475112915039, 0.013416767120361328, 0.01322031021118164, 0.012619256973266602, 0.013574600219726562, 0.012350797653198242, 0.012890815734863281, 0.013323307037353516, 0.012615442276000977, 0.012462854385375977, 0.012257814407348633, 0.01325082778930664, 0.016313791275024414, 0.013002395629882812, 0.013502359390258789, 0.014960765838623047, 0.014096975326538086, 0.013075590133666992, 0.011981725692749023, 0.013055801391601562, 0.012549400329589844, 0.013318061828613281, 0.012433290481567383, 0.012640237808227539, 0.012624502182006836, 0.012351036071777344, 0.013573169708251953, 0.01286172866821289, 0.012223958969116211, 0.013401508331298828, 0.012475728988647461, 0.01282358169555664, 0.012435674667358398, 0.01279759407043457, 0.012585639953613281, 0.013503313064575195, 0.01269674301147461, 0.013221502304077148, 0.012293338775634766, 0.015521049499511719, 0.01598358154296875, 0.01381993293762207, 0.013057470321655273, 0.012922525405883789, 0.013332843780517578, 0.013891458511352539, 0.015468120574951172, 0.01357126235961914, 0.013023614883422852, 0.013023614883422852, 0.013287544250488281, 0.013442039489746094, 0.015327930450439453, 0.01402139663696289, 0.013181447982788086, 0.01378178596496582, 0.014718055725097656, 0.017038345336914062, 0.013231992721557617, 0.013192415237426758], 'pr': [2.2784087657928467, 1.792464017868042, 1.3054225444793701, 0.8152287006378174, 0.3264765739440918, 0.01344442367553711, 0.013634204864501953, 0.01336812973022461, 0.013814926147460938, 0.013099908828735352, 0.013819217681884766, 0.014136075973510742, 0.013740301132202148, 0.013598203659057617, 0.013320684432983398, 0.013225078582763672, 0.012265205383300781, 0.013405084609985352, 0.012424468994140625, 0.013126373291015625, 0.01235342025756836, 0.013427019119262695, 0.012635231018066406, 0.013582468032836914, 0.01316523551940918, 0.0130462646484375, 0.012759923934936523, 0.012846708297729492, 0.012738466262817383, 0.014509201049804688, 0.013162374496459961, 0.013927936553955078, 0.017071008682250977, 0.014078378677368164, 0.013343334197998047, 0.014081001281738281, 0.014137506484985352, 0.013326644897460938, 0.013137578964233398, 0.01318979263305664, 0.012778759002685547, 0.013469457626342773, 0.01317596435546875, 0.013776779174804688, 0.01305532455444336, 0.012483358383178711, 0.014067888259887695, 0.012957572937011719, 0.013578176498413086, 0.013843297958374023, 0.013130664825439453, 0.012707233428955078, 0.01255655288696289, 0.013486385345458984, 0.016791582107543945, 0.012529134750366211, 0.013396739959716797, 0.01534271240234375, 0.014164209365844727, 0.012546062469482422, 0.012033939361572266, 0.013045787811279297, 0.012508153915405273, 0.01327657699584961, 0.012928485870361328, 0.012889862060546875, 0.012542009353637695, 0.012838125228881836, 0.013521909713745117, 0.013265848159790039, 0.012631416320800781, 0.013353586196899414, 0.012485742568969727, 0.013115882873535156, 0.012834548950195312, 0.012758493423461914, 0.012492179870605469, 0.01360321044921875, 0.012663125991821289, 0.013064861297607422, 0.01277017593383789, 0.015552043914794922, 0.016347885131835938, 0.013983488082885742, 0.013368368148803711, 0.013666868209838867, 0.013255596160888672, 0.013857841491699219, 0.016732454299926758, 0.01427912712097168, 0.013969182968139648, 0.013842344284057617, 0.013765811920166016, 0.013101577758789062, 0.015529394149780273, 0.013835906982421875, 0.013659477233886719, 0.014789819717407227, 0.015095710754394531, 0.01678633689880371, 0.013240337371826172, 0.013049125671386719]}


Method = adaptive_attack
process_time_list = [3.743999719619751, 0.039716482162475586, 1.6709651947021484, 1.1828522682189941, 1.5594749450683594, 1.5027601718902588, 2.087390422821045, 1.2372076511383057, 1.7049214839935303, 1.2161600589752197, 1.4779303073883057, 1.6666560173034668, 1.8019142150878906, 1.1904757022857666, 1.5189759731292725, 1.6385130882263184, 1.5911285877227783, 1.4173431396484375, 1.3661835193634033, 0.015617847442626953, 1.559319019317627, 1.4017741680145264, 1.7479236125946045, 1.3508288860321045, 0.018123149871826172, 1.550757884979248, 1.8647229671478271, 1.2453796863555908, 1.4882161617279053, 1.4740023612976074, 1.4259068965911865, 1.517545223236084, 1.3683295249938965, 1.595468282699585, 1.4558417797088623, 1.7467272281646729, 1.642345666885376, 1.4429759979248047, 1.3707427978515625, 1.5457682609558105, 1.589543104171753, 1.2056331634521484, 1.6608326435089111, 0.014838933944702148, 1.518122673034668, 1.8338029384613037, 1.9621198177337646, 1.206636905670166, 1.5079874992370605, 1.5622303485870361, 1.5007023811340332, 1.4321873188018799, 1.6102955341339111, 1.649338960647583, 1.5036938190460205, 1.529822587966919, 1.8785831928253174, 1.4226109981536865, 1.4249961376190186, 1.441117286682129, 1.2205250263214111, 1.5199477672576904, 1.6622545719146729, 1.5060815811157227, 1.2215533256530762, 1.4357922077178955, 2.107060432434082, 1.455101490020752, 1.3236863613128662, 0.014947891235351562, 1.6983566284179688, 1.5395288467407227, 1.6332616806030273, 1.3605546951293945, 1.5153048038482666, 1.8694236278533936, 1.6068923473358154, 1.5171067714691162, 1.4292454719543457, 1.5018670558929443, 1.323206901550293, 1.6214003562927246, 1.813835859298706, 1.2946999073028564, 1.4566516876220703, 1.7393181324005127, 1.5164616107940674, 1.4869167804718018, 1.4004528522491455, 1.2031936645507812, 1.4680674076080322, 1.16953444480896, 1.3764972686767578, 1.3957977294921875, 1.2749028205871582, 1.8898320198059082, 2.207451581954956, 1.5891592502593994, 1.4319124221801758, 1.3224811553955078, 1.6153099536895752, 1.589484453201294]
car_number_list = [0, 0, 0, 0, 0, 0, 0, 0, 0, 0, 0, 0, 0, 0, 0, 0, 0, 0, 0, 0, 0, 0, 0, 0, 0, 0, 0, 0, 0, 0, 0, 0, 0, 0, 0, 0, 0, 0, 0, 0, 0, 0, 0, 0, 0, 0, 0, 0, 0, 0, 0, 0, 0, 0, 0, 0, 0, 0, 0, 0, 0, 0, 0, 0, 0, 0, 0, 0, 0, 0, 0, 0, 0, 0, 0, 0, 0, 0, 0, 0, 0, 0, 0, 0, 0, 0, 0, 0, 0, 0, 0, 0, 0, 0, 0, 0, 0, 0, 0, 0, 0, 0]
person_number_list = [1024, 0, 1082, 764, 969, 1016, 1139, 789, 1103, 854, 1023, 1188, 1120, 802, 1031, 988, 908, 971, 954, 0, 1066, 971, 1054, 953, 0, 905, 1019, 870, 1033, 1023, 983, 1054, 972, 1099, 983, 1065, 900, 1021, 950, 1095, 1008, 791, 1010, 0, 1028, 1132, 1078, 820, 1027, 1081, 1019, 978, 977, 1138, 1018, 937, 1057, 1015, 1002, 999, 874, 1069, 1003, 1063, 854, 866, 1108, 1012, 906, 0, 1140, 1059, 1001, 972, 1034, 1130, 882, 1049, 992, 1072, 955, 1157, 1143, 875, 1043, 1070, 866, 1003, 962, 825, 1059, 814, 956, 1026, 911, 1176, 1102, 1130, 1006, 915, 1144, 1138]

Method = adaptive_attack
times = {'od': [2.1721067428588867, 0.036240339279174805, 0.10304951667785645, 0.06376814842224121, 0.08231854438781738, 0.0867471694946289, 0.10258221626281738, 0.07095980644226074, 0.08285379409790039, 0.06068873405456543, 0.07879066467285156, 0.08284163475036621, 0.09191226959228516, 0.05684971809387207, 0.08109664916992188, 0.0893857479095459, 0.10577750205993652, 0.06914186477661133, 0.0719456672668457, 0.01178121566772461, 0.07972431182861328, 0.07010316848754883, 0.09265923500061035, 0.06492877006530762, 0.014878034591674805, 0.07364010810852051, 0.10126829147338867, 0.06533312797546387, 0.08095979690551758, 0.0697629451751709, 0.07552480697631836, 0.07478904724121094, 0.07013273239135742, 0.08304619789123535, 0.07293438911437988, 0.09390115737915039, 0.08519554138183594, 0.0730428695678711, 0.07105898857116699, 0.07718443870544434, 0.1829357147216797, 0.05931973457336426, 0.10057258605957031, 0.010919570922851562, 0.0741891860961914, 0.09702849388122559, 0.10592961311340332, 0.06297516822814941, 0.07364130020141602, 0.08136487007141113, 0.06805276870727539, 0.07300567626953125, 0.07614493370056152, 0.07908415794372559, 0.07276344299316406, 0.06966161727905273, 0.09248924255371094, 0.07346439361572266, 0.07591462135314941, 0.07734131813049316, 0.0649862289428711, 0.08517193794250488, 0.08307027816772461, 0.07263922691345215, 0.06403756141662598, 0.06968092918395996, 0.1112816333770752, 0.07193493843078613, 0.06682038307189941, 0.01116633415222168, 0.09220576286315918, 0.07550168037414551, 0.08776044845581055, 0.06740307807922363, 0.08385992050170898, 0.09830832481384277, 0.07854866981506348, 0.08469820022583008, 0.0788569450378418, 0.08184266090393066, 0.06939458847045898, 0.09152889251708984, 0.09922647476196289, 0.06114983558654785, 0.08226418495178223, 0.07903170585632324, 0.06874465942382812, 0.07826447486877441, 0.0762629508972168, 0.057460784912109375, 0.08344650268554688, 0.060115814208984375, 0.07795023918151855, 0.07014846801757812, 0.06650042533874512, 0.10035061836242676, 0.10977506637573242, 0.07936668395996094, 0.07156014442443848, 0.0652322769165039, 0.08566689491271973, 0.08028388023376465], 'lr': [2.175910711288452, 0.03775906562805176, 0.10466599464416504, 0.06528663635253906, 0.0843968391418457, 0.08908987045288086, 0.10449886322021484, 0.07317781448364258, 0.08449792861938477, 0.06337332725524902, 0.08062744140625, 0.08469676971435547, 0.09396123886108398, 0.058507442474365234, 0.08277654647827148, 0.09196019172668457, 0.10770845413208008, 0.07103896141052246, 0.07386541366577148, 0.013605833053588867, 0.08126640319824219, 0.07190465927124023, 0.0945591926574707, 0.06674408912658691, 0.016553163528442383, 0.0756075382232666, 0.10373258590698242, 0.06708431243896484, 0.08272528648376465, 0.07156133651733398, 0.07720160484313965, 0.07652902603149414, 0.0722348690032959, 0.08455133438110352, 0.07464289665222168, 0.09557867050170898, 0.08816027641296387, 0.07474470138549805, 0.0736229419708252, 0.07897329330444336, 0.18483757972717285, 0.06113243103027344, 0.10252070426940918, 0.013355255126953125, 0.07627391815185547, 0.09895634651184082, 0.10908913612365723, 0.06485939025878906, 0.07540321350097656, 0.08365225791931152, 0.06981825828552246, 0.07477021217346191, 0.07796192169189453, 0.08104586601257324, 0.07449579238891602, 0.07148265838623047, 0.09444665908813477, 0.07504034042358398, 0.07808804512023926, 0.07908368110656738, 0.06681418418884277, 0.08694648742675781, 0.0852508544921875, 0.07438540458679199, 0.06569218635559082, 0.07189583778381348, 0.1128842830657959, 0.0736839771270752, 0.06858181953430176, 0.012924671173095703, 0.09387445449829102, 0.0773472785949707, 0.08952021598815918, 0.06964302062988281, 0.08538627624511719, 0.10010409355163574, 0.08029341697692871, 0.08622908592224121, 0.08069682121276855, 0.08364343643188477, 0.07111406326293945, 0.09332990646362305, 0.10108327865600586, 0.06351017951965332, 0.08404183387756348, 0.08094072341918945, 0.07066178321838379, 0.08016705513000488, 0.07825684547424316, 0.05913186073303223, 0.08514904975891113, 0.06185269355773926, 0.08003997802734375, 0.07184791564941406, 0.0682065486907959, 0.10209798812866211, 0.11161541938781738, 0.08109235763549805, 0.07332658767700195, 0.06697463989257812, 0.08738923072814941, 0.08210182189941406], 'pr': [3.7430455684661865, 0.038042545318603516, 1.6697185039520264, 1.1815221309661865, 1.4932971000671387, 1.501697063446045, 2.085876226425171, 1.2361583709716797, 1.7038283348083496, 1.2150864601135254, 1.4767282009124756, 1.6656181812286377, 1.8008232116699219, 1.189249038696289, 1.5180141925811768, 1.6372363567352295, 1.589874029159546, 1.4161722660064697, 1.3650355339050293, 0.013868093490600586, 1.5580370426177979, 1.400562047958374, 1.7468225955963135, 1.349579095840454, 0.016409635543823242, 1.549504041671753, 1.863105297088623, 1.2444865703582764, 1.4870524406433105, 1.4728682041168213, 1.424792766571045, 1.5163695812225342, 1.3673226833343506, 1.5940849781036377, 1.4548089504241943, 1.7452359199523926, 1.6409177780151367, 1.4418361186981201, 1.369570255279541, 1.5445780754089355, 1.5883357524871826, 1.204331636428833, 1.6593120098114014, 0.013354301452636719, 1.516772747039795, 1.832564353942871, 1.9608166217803955, 1.2055385112762451, 1.5069761276245117, 1.5611002445220947, 1.4994075298309326, 1.430860996246338, 1.6090648174285889, 1.6482446193695068, 1.5025076866149902, 1.5284676551818848, 1.8771402835845947, 1.4215691089630127, 1.423771619796753, 1.4399185180664062, 1.2195148468017578, 1.5187702178955078, 1.6607131958007812, 1.5047831535339355, 1.2206172943115234, 1.434434413909912, 2.1057565212249756, 1.453822374343872, 1.3226184844970703, 0.012944459915161133, 1.697282075881958, 1.5383291244506836, 1.6316874027252197, 1.3594515323638916, 1.514341115951538, 1.8676247596740723, 1.6056113243103027, 1.51609468460083, 1.4281234741210938, 1.5006773471832275, 1.322117567062378, 1.6203744411468506, 1.8125476837158203, 1.2936105728149414, 1.4551897048950195, 1.7378101348876953, 1.5152196884155273, 1.4858641624450684, 1.3994042873382568, 1.2020878791809082, 1.4668381214141846, 1.1684255599975586, 1.375455379486084, 1.3946459293365479, 1.2731788158416748, 1.8877537250518799, 2.102637767791748, 1.5878691673278809, 1.4307844638824463, 1.3212850093841553, 1.6143629550933838, 1.588468313217163]}


Method = overload_attack
process_time_list = [2.33198881149292, 0.08178257942199707, 0.04664921760559082, 0.06850266456604004, 0.06086897850036621, 0.06561422348022461, 0.062306880950927734, 0.05138659477233887, 0.058882713317871094, 0.055010080337524414, 0.04834938049316406, 0.05236363410949707, 0.06261348724365234, 0.05563640594482422, 0.06141209602355957, 0.062203168869018555, 0.04691028594970703, 0.0578768253326416, 0.04833221435546875, 0.05615067481994629, 0.04625201225280762, 0.05865049362182617, 0.09202003479003906, 0.05571579933166504, 0.06268453598022461, 0.07930302619934082, 0.049819231033325195, 0.06101584434509277, 0.05627799034118652, 0.050070762634277344, 0.07163000106811523, 3.5771095752716064, 0.052987098693847656, 3.5178520679473877, 0.05797886848449707, 0.04514193534851074, 0.06782150268554688, 0.05337119102478027, 0.059694528579711914, 0.0655679702758789, 0.05460715293884277, 0.07502126693725586, 0.06381607055664062, 0.07057833671569824, 0.03864717483520508, 0.05530118942260742, 0.04599428176879883, 0.054590463638305664, 0.04112505912780762, 0.05027294158935547, 0.050597429275512695, 0.0559232234954834, 0.04562783241271973, 0.061244964599609375, 0.04599928855895996, 0.043270111083984375, 0.06148076057434082, 0.05077552795410156, 0.0381009578704834, 0.05991625785827637, 0.04688239097595215, 0.054721832275390625, 0.05896306037902832, 0.05938243865966797, 0.05351853370666504, 0.07656288146972656, 0.06252050399780273, 0.051503658294677734, 0.05390119552612305, 0.04720735549926758, 0.05460071563720703, 0.046864986419677734, 0.055428266525268555, 0.06372284889221191, 0.04339861869812012, 0.045063018798828125, 0.042540550231933594, 0.063873291015625, 0.06574296951293945, 0.05221056938171387, 0.0573122501373291, 0.0801692008972168, 0.04273176193237305, 0.06589174270629883, 0.045157432556152344, 0.03815436363220215, 0.05085468292236328, 0.0534672737121582, 0.04008007049560547, 0.04999065399169922, 0.04989504814147949, 0.05374622344970703, 0.05471038818359375, 0.06761288642883301, 0.05197477340698242, 0.03571891784667969, 0.06729507446289062, 0.04600048065185547, 0.05556821823120117, 0.07641148567199707, 0.06421780586242676, 0.05257248878479004]
car_number_list = [0, 0, 0, 0, 0, 0, 0, 0, 0, 0, 0, 0, 0, 0, 0, 0, 0, 0, 0, 0, 0, 0, 0, 0, 0, 0, 0, 0, 0, 0, 0, 198, 0, 346, 0, 0, 0, 0, 0, 0, 0, 0, 0, 0, 0, 0, 0, 0, 0, 0, 0, 0, 0, 0, 0, 0, 0, 0, 0, 0, 0, 0, 0, 0, 0, 0, 0, 0, 0, 0, 0, 0, 0, 0, 0, 0, 0, 0, 0, 0, 0, 0, 0, 0, 0, 0, 0, 0, 0, 0, 0, 0, 0, 0, 0, 0, 0, 0, 0, 0, 0, 0]
person_number_list = [0, 0, 0, 0, 0, 0, 0, 0, 1, 0, 0, 0, 0, 0, 0, 0, 0, 0, 1, 0, 0, 0, 0, 0, 0, 0, 0, 0, 0, 0, 0, 2, 0, 0, 0, 0, 8, 0, 0, 0, 0, 0, 0, 0, 0, 0, 0, 0, 0, 0, 0, 0, 0, 0, 0, 0, 0, 0, 0, 0, 0, 0, 0, 0, 0, 0, 1, 0, 0, 0, 0, 0, 0, 0, 0, 0, 0, 0, 0, 0, 4, 0, 0, 0, 0, 0, 0, 0, 0, 0, 0, 0, 0, 0, 0, 0, 2, 0, 0, 0, 0, 0]

Method = overload_attack
times = {'od': [2.3231287002563477, 0.07593584060668945, 0.04214167594909668, 0.06274127960205078, 0.05621528625488281, 0.06105375289916992, 0.05777335166931152, 0.046112060546875, 0.05220913887023926, 0.05061531066894531, 0.043332815170288086, 0.04814505577087402, 0.05738949775695801, 0.05059170722961426, 0.05686211585998535, 0.057488203048706055, 0.04200243949890137, 0.052732229232788086, 0.04167008399963379, 0.05167722702026367, 0.04195237159729004, 0.053420066833496094, 0.08591413497924805, 0.05117535591125488, 0.05761575698852539, 0.07393908500671387, 0.04458260536193848, 0.05596423149108887, 0.05229020118713379, 0.04575204849243164, 0.06684374809265137, 0.03572368621826172, 0.04855179786682129, 0.06000494956970215, 0.053519487380981445, 0.041249752044677734, 0.0398714542388916, 0.04877948760986328, 0.05468487739562988, 0.060484886169433594, 0.04977059364318848, 0.06969046592712402, 0.05877947807312012, 0.0655210018157959, 0.03396010398864746, 0.050594329833984375, 0.04137420654296875, 0.0497136116027832, 0.036431074142456055, 0.04559612274169922, 0.04559659957885742, 0.050575971603393555, 0.04056549072265625, 0.056185245513916016, 0.04116344451904297, 0.03809952735900879, 0.05629706382751465, 0.046135663986206055, 0.034188032150268555, 0.05490994453430176, 0.04287385940551758, 0.049926042556762695, 0.053910255432128906, 0.05440020561218262, 0.04721379280090332, 0.07083272933959961, 0.05472850799560547, 0.04556083679199219, 0.04841113090515137, 0.04248380661010742, 0.0502924919128418, 0.042046308517456055, 0.050466060638427734, 0.05919456481933594, 0.03902912139892578, 0.040395498275756836, 0.038088321685791016, 0.05855536460876465, 0.06055164337158203, 0.0473783016204834, 0.04566001892089844, 0.07414507865905762, 0.03841972351074219, 0.06063413619995117, 0.04107809066772461, 0.033583641052246094, 0.04610753059387207, 0.048834800720214844, 0.03546738624572754, 0.04519534111022949, 0.045732975006103516, 0.04913592338562012, 0.050299882888793945, 0.06218242645263672, 0.04667377471923828, 0.031966447830200195, 0.05449724197387695, 0.041024208068847656, 0.050965070724487305, 0.07052755355834961, 0.059190988540649414, 0.04767608642578125], 'lr': [2.3270273208618164, 0.0797431468963623, 0.04477095603942871, 0.06617617607116699, 0.05964040756225586, 0.06414461135864258, 0.06092381477355957, 0.049311161041259766, 0.05539274215698242, 0.05383944511413574, 0.04634833335876465, 0.05106163024902344, 0.06085467338562012, 0.0534968376159668, 0.06006765365600586, 0.06096172332763672, 0.04478025436401367, 0.05616140365600586, 0.0442509651184082, 0.05470108985900879, 0.044899702072143555, 0.0565943717956543, 0.08979940414428711, 0.0542147159576416, 0.060719966888427734, 0.07787775993347168, 0.04847002029418945, 0.05881762504577637, 0.05500149726867676, 0.04855227470397949, 0.07055449485778809, 3.5758934020996094, 0.05161714553833008, 3.5168333053588867, 0.05637478828430176, 0.04388856887817383, 0.04183769226074219, 0.051876068115234375, 0.05756330490112305, 0.06338286399841309, 0.05263328552246094, 0.07297015190124512, 0.061834096908569336, 0.06847310066223145, 0.0365140438079834, 0.05315518379211426, 0.04392528533935547, 0.05241847038269043, 0.03906583786010742, 0.048194169998168945, 0.04862236976623535, 0.053684234619140625, 0.043450117111206055, 0.05920553207397461, 0.043912649154663086, 0.04094362258911133, 0.05955076217651367, 0.048735618591308594, 0.03678441047668457, 0.057739973068237305, 0.04546689987182617, 0.05258011817932129, 0.05706620216369629, 0.05727887153625488, 0.05149054527282715, 0.07442927360534668, 0.05751919746398926, 0.049205780029296875, 0.05120968818664551, 0.04502391815185547, 0.05334663391113281, 0.04480314254760742, 0.05329585075378418, 0.062178611755371094, 0.041422128677368164, 0.042809247970581055, 0.04044771194458008, 0.06176257133483887, 0.0637054443359375, 0.05008673667907715, 0.04758262634277344, 0.07791900634765625, 0.04113340377807617, 0.06374502182006836, 0.04365205764770508, 0.03595566749572754, 0.04918789863586426, 0.05124497413635254, 0.03790450096130371, 0.047722578048706055, 0.048471927642822266, 0.05159115791320801, 0.053292274475097656, 0.06535696983337402, 0.04969954490661621, 0.03344988822937012, 0.056275129318237305, 0.04381108283996582, 0.05397987365722656, 0.07417154312133789, 0.062297821044921875, 0.050351858139038086], 'pr': [2.331024169921875, 0.07972025871276855, 0.04517054557800293, 0.06634521484375, 0.05935835838317871, 0.06432771682739258, 0.061217308044433594, 0.04923105239868164, 0.05772542953491211, 0.053580284118652344, 0.04632091522216797, 0.05129361152648926, 0.060689687728881836, 0.053822994232177734, 0.060167551040649414, 0.06080961227416992, 0.04470086097717285, 0.055921077728271484, 0.04668784141540527, 0.054949283599853516, 0.04471921920776367, 0.0566103458404541, 0.08983087539672852, 0.054340362548828125, 0.06120657920837402, 0.07783651351928711, 0.04844212532043457, 0.05897188186645508, 0.05549430847167969, 0.04877281188964844, 0.07032537460327148, 0.1387495994567871, 0.051811933517456055, 0.06167316436767578, 0.05676746368408203, 0.04365849494934082, 0.06662869453430176, 0.05201387405395508, 0.05815434455871582, 0.0638887882232666, 0.05293393135070801, 0.0735938549041748, 0.06228828430175781, 0.0689382553100586, 0.03653717041015625, 0.05372309684753418, 0.04435873031616211, 0.052873849868774414, 0.03898906707763672, 0.04866790771484375, 0.04876351356506348, 0.05383157730102539, 0.04350733757019043, 0.05965471267700195, 0.04410290718078613, 0.041022300720214844, 0.059868812561035156, 0.04919314384460449, 0.036551475524902344, 0.05815935134887695, 0.045812129974365234, 0.05311727523803711, 0.05720877647399902, 0.057824134826660156, 0.05175209045410156, 0.07458901405334473, 0.06123089790344238, 0.04928159713745117, 0.051444053649902344, 0.04550528526306152, 0.05306363105773926, 0.04520606994628906, 0.05357694625854492, 0.06284666061401367, 0.04170513153076172, 0.04326009750366211, 0.04071784019470215, 0.062036991119384766, 0.0640108585357666, 0.05056595802307129, 0.05621790885925293, 0.07848238945007324, 0.04112505912780762, 0.0639333724975586, 0.043930768966674805, 0.03612375259399414, 0.04922938346862793, 0.05186915397644043, 0.03786444664001465, 0.04830193519592285, 0.04872775077819824, 0.05221748352050781, 0.052921295166015625, 0.06594061851501465, 0.049675941467285156, 0.03420615196228027, 0.06603074073791504, 0.0439450740814209, 0.05390739440917969, 0.07436108589172363, 0.06230807304382324, 0.050920963287353516]}


Method = phantom_attack
process_time_list = [2.1112844944000244, 0.06678342819213867, 0.0564117431640625, 0.04125642776489258, 0.03503870964050293, 0.045990943908691406, 0.040077924728393555, 0.028218746185302734, 0.03278541564941406, 0.030658245086669922, 0.044556379318237305, 0.048612117767333984, 0.03360390663146973, 0.03420233726501465, 0.03503084182739258, 0.03969168663024902, 0.04311776161193848, 1.6414856910705566, 0.03700447082519531, 0.028149127960205078, 0.02697610855102539, 0.03317689895629883, 0.045058250427246094, 0.03309130668640137, 0.03977084159851074, 0.030823707580566406, 0.5793390274047852, 0.03066563606262207, 0.033560752868652344, 0.03279423713684082, 0.038519859313964844, 2.4325449466705322, 0.024826765060424805, 3.107457399368286, 0.028015613555908203, 0.03855133056640625, 0.038809776306152344, 0.023358583450317383, 0.031728506088256836, 0.03697800636291504, 0.04173779487609863, 0.044985055923461914, 0.028585433959960938, 0.033725738525390625, 0.034230709075927734, 0.2288515567779541, 0.03835797309875488, 0.02582383155822754, 0.06425356864929199, 0.028847455978393555, 0.038366079330444336, 0.030993938446044922, 0.030524015426635742, 0.03747153282165527, 0.03726053237915039, 0.03347301483154297, 0.039023399353027344, 0.03284811973571777, 0.03174567222595215, 0.05394554138183594, 0.033289194107055664, 0.03793001174926758, 0.03659510612487793, 0.029351234436035156, 0.03369712829589844, 0.030481338500976562, 0.3563363552093506, 0.030323266983032227, 0.03760671615600586, 0.026764631271362305, 0.03239941596984863, 0.03351593017578125, 0.05046415328979492, 0.028063535690307617, 0.04535865783691406, 0.0344388484954834, 0.03255867958068848, 0.03518104553222656, 0.04015517234802246, 0.4068119525909424, 0.030187368392944336, 0.036780595779418945, 0.035393714904785156, 0.03555154800415039, 0.03648018836975098, 0.03241372108459473, 0.030610322952270508, 0.03132343292236328, 0.038019657135009766, 0.027178049087524414, 0.033614397048950195, 0.036183834075927734, 0.046556711196899414, 0.03662872314453125, 0.03525257110595703, 0.04084920883178711, 0.03788876533508301, 0.03719067573547363, 0.028847455978393555, 0.0406033992767334, 0.040674686431884766, 0.03852963447570801]
car_number_list = [0, 0, 0, 0, 0, 0, 0, 0, 0, 0, 0, 0, 0, 0, 0, 0, 0, 24, 0, 0, 0, 0, 0, 0, 0, 0, 55, 0, 0, 0, 0, 282, 0, 364, 0, 0, 0, 0, 0, 0, 0, 0, 0, 0, 0, 24, 0, 0, 0, 0, 0, 0, 0, 0, 0, 0, 0, 0, 0, 0, 0, 0, 0, 0, 0, 0, 36, 0, 0, 0, 0, 0, 0, 0, 0, 0, 0, 0, 0, 0, 0, 0, 0, 0, 0, 0, 0, 0, 0, 0, 0, 0, 0, 0, 0, 0, 0, 0, 0, 0, 0, 0]
person_number_list = [0, 0, 0, 0, 0, 0, 0, 0, 0, 0, 0, 0, 0, 0, 0, 0, 0, 0, 0, 0, 0, 0, 0, 0, 0, 0, 0, 0, 0, 0, 2, 0, 0, 0, 0, 0, 0, 0, 0, 0, 0, 0, 0, 0, 0, 0, 0, 0, 14, 0, 0, 0, 0, 0, 0, 0, 0, 0, 0, 0, 1, 0, 0, 0, 0, 0, 4, 0, 0, 0, 0, 0, 2, 0, 0, 0, 0, 0, 0, 195, 0, 0, 0, 0, 0, 0, 0, 0, 0, 0, 0, 0, 6, 0, 0, 0, 0, 0, 0, 0, 0, 0]

Method = phantom_attack
times = {'od': [2.103031635284424, 0.061676740646362305, 0.05168628692626953, 0.03663182258605957, 0.031091690063476562, 0.04193258285522461, 0.03548169136047363, 0.02481222152709961, 0.028897762298583984, 0.026445865631103516, 0.04054403305053711, 0.044565439224243164, 0.029306650161743164, 0.029822587966918945, 0.031113862991333008, 0.03594231605529785, 0.03893089294433594, 0.0362551212310791, 0.03306770324707031, 0.02407526969909668, 0.023311376571655273, 0.029813766479492188, 0.04092264175415039, 0.02951359748840332, 0.036229848861694336, 0.02724909782409668, 0.0245206356048584, 0.026143789291381836, 0.0300290584564209, 0.02936577796936035, 0.03075718879699707, 0.03160285949707031, 0.021210670471191406, 0.03542470932006836, 0.02414679527282715, 0.03540539741516113, 0.03540229797363281, 0.020193099975585938, 0.0279388427734375, 0.03281521797180176, 0.03766822814941406, 0.04078817367553711, 0.024849891662597656, 0.0295107364654541, 0.0300447940826416, 0.028267860412597656, 0.03418588638305664, 0.022588491439819336, 0.03072047233581543, 0.025580406188964844, 0.03474545478820801, 0.026823759078979492, 0.026633501052856445, 0.03373360633850098, 0.033315181732177734, 0.029590368270874023, 0.03473162651062012, 0.02922201156616211, 0.02798295021057129, 0.04958844184875488, 0.02680230140686035, 0.03399324417114258, 0.0322115421295166, 0.025731325149536133, 0.02971935272216797, 0.026713132858276367, 0.02889418601989746, 0.02687835693359375, 0.03408527374267578, 0.02263188362121582, 0.02814006805419922, 0.029405832290649414, 0.03750896453857422, 0.024224281311035156, 0.0409998893737793, 0.03050827980041504, 0.028795242309570312, 0.031165122985839844, 0.036012887954711914, 0.0339350700378418, 0.02639627456665039, 0.032422780990600586, 0.030788183212280273, 0.031243562698364258, 0.0325009822845459, 0.028244733810424805, 0.026879549026489258, 0.027395963668823242, 0.03387188911437988, 0.023212671279907227, 0.02972412109375, 0.03184366226196289, 0.02959465980529785, 0.032024383544921875, 0.03167390823364258, 0.036452531814575195, 0.033965349197387695, 0.033035993576049805, 0.024742841720581055, 0.0357205867767334, 0.036362648010253906, 0.033998727798461914], 'lr': [2.1068594455718994, 0.06469988822937012, 0.054509639739990234, 0.03928422927856445, 0.033565521240234375, 0.0446162223815918, 0.03842759132385254, 0.026846647262573242, 0.03142571449279785, 0.028545618057250977, 0.04313397407531738, 0.04744911193847656, 0.031566619873046875, 0.032230377197265625, 0.03374648094177246, 0.038515567779541016, 0.041670799255371094, 1.6403636932373047, 0.03631281852722168, 0.026118993759155273, 0.025563478469848633, 0.03171706199645996, 0.043627023696899414, 0.03147459030151367, 0.03861665725708008, 0.029327392578125, 0.5783035755157471, 0.02834153175354004, 0.032234907150268555, 0.03149127960205078, 0.03250837326049805, 2.431257724761963, 0.023244857788085938, 3.106335163116455, 0.02648782730102539, 0.03716588020324707, 0.037470102310180664, 0.021787643432617188, 0.029836177825927734, 0.0349421501159668, 0.03989982604980469, 0.0429232120513916, 0.02664637565612793, 0.03164958953857422, 0.032346248626708984, 0.22789907455444336, 0.03683757781982422, 0.024448156356811523, 0.03236818313598633, 0.02757883071899414, 0.03717970848083496, 0.028887510299682617, 0.028397083282470703, 0.03596901893615723, 0.03616213798522949, 0.0319819450378418, 0.037169456481933594, 0.03136634826660156, 0.03019571304321289, 0.051939964294433594, 0.028920650482177734, 0.03592967987060547, 0.03447532653808594, 0.0273284912109375, 0.031702518463134766, 0.028900623321533203, 0.35529398918151855, 0.02884364128112793, 0.03614497184753418, 0.02454996109008789, 0.03033757209777832, 0.031511783599853516, 0.03972315788269043, 0.026092052459716797, 0.04335975646972656, 0.0323634147644043, 0.031043291091918945, 0.03311467170715332, 0.038639068603515625, 0.035634517669677734, 0.028197050094604492, 0.034595489501953125, 0.03282046318054199, 0.03326702117919922, 0.034594058990478516, 0.030310869216918945, 0.028649568557739258, 0.02908945083618164, 0.035958051681518555, 0.02513408660888672, 0.03202176094055176, 0.033899545669555664, 0.031348466873168945, 0.03448677062988281, 0.03392934799194336, 0.03879141807556152, 0.036303043365478516, 0.0352475643157959, 0.02679729461669922, 0.038321495056152344, 0.03859114646911621, 0.03604626655578613], 'pr': [2.1089975833892822, 0.06491971015930176, 0.0547943115234375, 0.03940582275390625, 0.033579349517822266, 0.0445561408996582, 0.038475751876831055, 0.02704763412475586, 0.030848979949951172, 0.028699874877929688, 0.04311060905456543, 0.04738306999206543, 0.031598567962646484, 0.03227496147155762, 0.03310513496398926, 0.03821849822998047, 0.041188955307006836, 0.03805088996887207, 0.03511834144592285, 0.026201963424682617, 0.025148391723632812, 0.032314300537109375, 0.04324054718017578, 0.0318760871887207, 0.03841972351074219, 0.02930927276611328, 0.026328563690185547, 0.028337478637695312, 0.03225421905517578, 0.0316622257232666, 0.03702187538146973, 0.03343677520751953, 0.023203372955322266, 0.03715205192565918, 0.026468992233276367, 0.03773069381713867, 0.03788924217224121, 0.02226710319519043, 0.03018355369567871, 0.035077810287475586, 0.04021191596984863, 0.04346418380737305, 0.026867389678955078, 0.03184843063354492, 0.03245043754577637, 0.030176162719726562, 0.03686809539794922, 0.024392127990722656, 0.06334090232849121, 0.02784109115600586, 0.03693342208862305, 0.0290987491607666, 0.0288848876953125, 0.0361483097076416, 0.03562188148498535, 0.0317840576171875, 0.037039756774902344, 0.03164029121398926, 0.030270099639892578, 0.05262422561645508, 0.03208613395690918, 0.03649449348449707, 0.034406423568725586, 0.027963876724243164, 0.03199887275695801, 0.029076337814331055, 0.04540729522705078, 0.02897810935974121, 0.036557912826538086, 0.024728775024414062, 0.03043508529663086, 0.03167891502380371, 0.0493321418762207, 0.02614879608154297, 0.04372882843017578, 0.03301858901977539, 0.031017065048217773, 0.033620595932006836, 0.03872513771057129, 0.40569353103637695, 0.02850627899169922, 0.034967899322509766, 0.033164024353027344, 0.033861637115478516, 0.03482699394226074, 0.030576705932617188, 0.02911972999572754, 0.029772281646728516, 0.036295175552368164, 0.025288105010986328, 0.03204965591430664, 0.03451085090637207, 0.04533696174621582, 0.03469419479370117, 0.033681631088256836, 0.038904428482055664, 0.0363621711730957, 0.0354914665222168, 0.026874065399169922, 0.03962516784667969, 0.038875579833984375, 0.03668689727783203]}


Method = single_attack
process_time_list = [2.30497670173645, 0.08908820152282715, 0.10234236717224121, 0.07095909118652344, 0.08085131645202637, 0.09545254707336426, 0.07342243194580078, 0.05428647994995117, 0.08513975143432617, 0.07574677467346191, 0.06231570243835449, 0.08023858070373535, 0.08098220825195312, 0.0682992935180664, 0.08062076568603516, 0.08336281776428223, 0.08538103103637695, 0.06297636032104492, 0.07292008399963379, 0.07521224021911621, 1.5088660717010498, 0.0742499828338623, 0.08382296562194824, 0.07216787338256836, 0.07869315147399902, 0.36934328079223633, 0.06991815567016602, 0.062410831451416016, 0.09365487098693848, 0.061991214752197266, 0.15468668937683105, 0.24793267250061035, 0.09040451049804688, 0.09687018394470215, 0.056914567947387695, 0.11030006408691406, 0.06565666198730469, 0.08728504180908203, 0.07143950462341309, 0.07630157470703125, 0.12834572792053223, 0.06205582618713379, 0.08279538154602051, 0.06830501556396484, 0.07475662231445312, 0.08456206321716309, 0.06361055374145508, 0.062220096588134766, 0.08027172088623047, 0.08500385284423828, 0.07341694831848145, 0.07270336151123047, 0.06393074989318848, 0.09692788124084473, 0.06803131103515625, 0.07169699668884277, 0.1152951717376709, 0.05848956108093262, 0.07917094230651855, 0.14772272109985352, 0.05287766456604004, 0.08655786514282227, 0.06916689872741699, 0.09006905555725098, 0.061582326889038086, 0.08088397979736328, 0.07715439796447754, 0.0656743049621582, 0.07712316513061523, 0.0554049015045166, 0.06750845909118652, 0.06016278266906738, 0.08082032203674316, 0.07164692878723145, 0.09385085105895996, 0.08548855781555176, 0.0764455795288086, 0.08004212379455566, 0.0760958194732666, 0.07338118553161621, 0.07546138763427734, 0.09810805320739746, 0.06937170028686523, 0.0790719985961914, 0.0843203067779541, 0.10068917274475098, 0.07501935958862305, 0.07338070869445801, 0.07894468307495117, 0.08583927154541016, 0.08814263343811035, 0.07099604606628418, 0.07602214813232422, 0.0734550952911377, 0.061347007751464844, 0.09265851974487305, 0.06982779502868652, 0.09271812438964844, 0.07580780982971191, 0.07822442054748535, 0.072601318359375, 0.0808403491973877]
car_number_list = [0, 0, 0, 0, 0, 0, 0, 0, 0, 0, 0, 0, 0, 0, 0, 0, 0, 0, 0, 0, 11, 0, 0, 0, 0, 22, 0, 0, 0, 0, 8, 18, 0, 1, 0, 0, 0, 0, 0, 0, 0, 0, 0, 0, 0, 0, 0, 0, 0, 0, 0, 0, 0, 0, 0, 0, 0, 0, 0, 0, 0, 0, 0, 0, 0, 0, 0, 0, 0, 0, 0, 0, 0, 0, 0, 0, 0, 0, 0, 0, 0, 0, 0, 0, 0, 0, 0, 0, 0, 0, 0, 0, 0, 0, 0, 0, 0, 0, 0, 0, 0, 0]
person_number_list = [0, 0, 0, 0, 0, 0, 0, 0, 0, 0, 0, 0, 0, 0, 0, 0, 0, 0, 0, 0, 0, 0, 0, 0, 0, 0, 0, 0, 0, 0, 0, 0, 0, 0, 0, 0, 0, 0, 0, 0, 0, 0, 0, 0, 0, 0, 0, 0, 0, 0, 0, 0, 0, 0, 0, 0, 0, 0, 0, 0, 0, 0, 0, 0, 0, 0, 0, 0, 0, 0, 0, 0, 0, 0, 0, 0, 0, 0, 0, 0, 0, 0, 0, 0, 0, 0, 0, 0, 0, 0, 0, 0, 0, 0, 0, 0, 0, 0, 0, 0, 0, 0]

Method = single_attack
times = {'od': [2.2962749004364014, 0.08338117599487305, 0.09588766098022461, 0.0661160945892334, 0.07577824592590332, 0.08886957168579102, 0.0685722827911377, 0.04949140548706055, 0.07998156547546387, 0.07017087936401367, 0.05767822265625, 0.0744473934173584, 0.07507133483886719, 0.06268668174743652, 0.07561206817626953, 0.07717394828796387, 0.08008027076721191, 0.057801008224487305, 0.06779742240905762, 0.06956219673156738, 0.07100105285644531, 0.06947660446166992, 0.07854580879211426, 0.06659841537475586, 0.07300472259521484, 0.07704448699951172, 0.06502676010131836, 0.05808281898498535, 0.08768892288208008, 0.05742359161376953, 0.06456613540649414, 0.05990028381347656, 0.08410096168518066, 0.07636904716491699, 0.05179405212402344, 0.1038055419921875, 0.061136484146118164, 0.08161449432373047, 0.06603336334228516, 0.07074880599975586, 0.12113285064697266, 0.0576939582824707, 0.07721662521362305, 0.06365180015563965, 0.06915116310119629, 0.07871031761169434, 0.05822038650512695, 0.05755305290222168, 0.07360172271728516, 0.07907986640930176, 0.06775188446044922, 0.06789207458496094, 0.05862760543823242, 0.08657240867614746, 0.0632476806640625, 0.0665435791015625, 0.10860157012939453, 0.05361175537109375, 0.07325625419616699, 0.14063167572021484, 0.04795479774475098, 0.0806429386138916, 0.06366777420043945, 0.08406972885131836, 0.0561065673828125, 0.07503104209899902, 0.07138752937316895, 0.06019306182861328, 0.07179427146911621, 0.04999709129333496, 0.0625452995300293, 0.05478668212890625, 0.07506966590881348, 0.06634902954101562, 0.08795523643493652, 0.0797889232635498, 0.0710444450378418, 0.07467317581176758, 0.07071542739868164, 0.06763219833374023, 0.07047677040100098, 0.09223461151123047, 0.0637354850769043, 0.07370805740356445, 0.07808566093444824, 0.09381985664367676, 0.06877994537353516, 0.06788277626037598, 0.07271170616149902, 0.07651758193969727, 0.08200240135192871, 0.06600618362426758, 0.07045364379882812, 0.06804203987121582, 0.05584383010864258, 0.0863351821899414, 0.06440901756286621, 0.08716177940368652, 0.07062125205993652, 0.07229828834533691, 0.06734752655029297, 0.07491683959960938], 'lr': [2.3000235557556152, 0.08749151229858398, 0.10053133964538574, 0.06961345672607422, 0.07996392250061035, 0.09356379508972168, 0.07213115692138672, 0.05239129066467285, 0.08423328399658203, 0.07369375228881836, 0.061007022857666016, 0.07818460464477539, 0.07903695106506348, 0.0660712718963623, 0.07984757423400879, 0.08126115798950195, 0.08398127555847168, 0.06095743179321289, 0.07143855094909668, 0.07320380210876465, 1.5078718662261963, 0.07293176651000977, 0.08231544494628906, 0.07015037536621094, 0.07660746574401855, 0.36827826499938965, 0.0684208869934082, 0.06107664108276367, 0.09197306632995605, 0.06044650077819824, 0.15346622467041016, 0.24689555168151855, 0.08824944496154785, 0.09556770324707031, 0.05500602722167969, 0.10833549499511719, 0.06409430503845215, 0.08587121963500977, 0.06938505172729492, 0.07477593421936035, 0.12609219551086426, 0.06072592735290527, 0.08072543144226074, 0.06731009483337402, 0.07267427444458008, 0.0830526351928711, 0.06139087677001953, 0.06081748008728027, 0.07743215560913086, 0.08300232887268066, 0.07132387161254883, 0.07166528701782227, 0.06181144714355469, 0.09401345252990723, 0.06676173210144043, 0.07008504867553711, 0.11379408836364746, 0.056916236877441406, 0.07693147659301758, 0.1461775302886963, 0.05066728591918945, 0.08458995819091797, 0.06706404685974121, 0.08805179595947266, 0.05921292304992676, 0.07886099815368652, 0.07506585121154785, 0.06351041793823242, 0.07533383369445801, 0.052980899810791016, 0.06610798835754395, 0.05796241760253906, 0.07874131202697754, 0.06957721710205078, 0.09184694290161133, 0.0841362476348877, 0.07483315467834473, 0.0787515640258789, 0.07463288307189941, 0.07149577140808105, 0.07388496398925781, 0.09646916389465332, 0.06725120544433594, 0.0787816047668457, 0.08220505714416504, 0.0983419418334961, 0.07261109352111816, 0.07134079933166504, 0.07660913467407227, 0.08353686332702637, 0.08590197563171387, 0.0693821907043457, 0.07392311096191406, 0.07129096984863281, 0.05918383598327637, 0.0904700756072998, 0.06779217720031738, 0.09143328666687012, 0.07456541061401367, 0.0762624740600586, 0.07067489624023438, 0.07893681526184082], 'pr': [2.3042149543762207, 0.08711576461791992, 0.10057950019836426, 0.06995177268981934, 0.07964015007019043, 0.09369564056396484, 0.07247257232666016, 0.05266928672790527, 0.0837855339050293, 0.0740041732788086, 0.06113123893737793, 0.07829856872558594, 0.07910299301147461, 0.06624031066894531, 0.07932496070861816, 0.08150959014892578, 0.08410215377807617, 0.061090946197509766, 0.07144808769226074, 0.07341957092285156, 0.07316279411315918, 0.07348966598510742, 0.0824737548828125, 0.07105636596679688, 0.07691192626953125, 0.07915425300598145, 0.06859230995178223, 0.06149482727050781, 0.09197187423706055, 0.06045269966125488, 0.06629180908203125, 0.061801910400390625, 0.08825945854187012, 0.07839393615722656, 0.05514717102050781, 0.10846161842346191, 0.06452202796936035, 0.08587503433227539, 0.06973719596862793, 0.07471799850463867, 0.1262683868408203, 0.06116008758544922, 0.08113551139831543, 0.06688880920410156, 0.07307815551757812, 0.08312845230102539, 0.06155204772949219, 0.06096959114074707, 0.07749319076538086, 0.08333730697631836, 0.07159805297851562, 0.0713648796081543, 0.061783552169799805, 0.09404611587524414, 0.06654715538024902, 0.07013368606567383, 0.11402463912963867, 0.056939125061035156, 0.07717180252075195, 0.1464231014251709, 0.0508575439453125, 0.08485293388366699, 0.06740593910217285, 0.08820295333862305, 0.05942487716674805, 0.07911539077758789, 0.07540011405944824, 0.06379818916320801, 0.07557129859924316, 0.05321002006530762, 0.06619644165039062, 0.05806112289428711, 0.07879853248596191, 0.06986021995544434, 0.09217453002929688, 0.08391761779785156, 0.07491326332092285, 0.0784759521484375, 0.07469797134399414, 0.07123470306396484, 0.07419443130493164, 0.09663724899291992, 0.06736207008361816, 0.07762455940246582, 0.08231377601623535, 0.09862518310546875, 0.07273483276367188, 0.07155537605285645, 0.07665634155273438, 0.08359527587890625, 0.08623170852661133, 0.06948661804199219, 0.0742945671081543, 0.07160186767578125, 0.05929422378540039, 0.09067702293395996, 0.06800436973571777, 0.09123992919921875, 0.07428097724914551, 0.07613873481750488, 0.07052111625671387, 0.07865023612976074]}


Method = original
process_time_list = [2.4827880859375, 0.019445419311523438, 0.016052961349487305, 0.014647722244262695, 0.014684677124023438, 0.015109062194824219, 0.017411470413208008, 0.015608549118041992, 0.014819622039794922, 0.015267133712768555, 0.01572394371032715, 0.014576196670532227, 0.014978885650634766, 0.01522517204284668, 0.014831781387329102, 0.01396799087524414, 0.014321327209472656, 0.014785289764404297, 0.018149614334106445, 0.020368576049804688, 0.015487432479858398, 0.015142202377319336, 0.015549898147583008, 0.013724803924560547, 0.014261960983276367, 0.016922712326049805, 0.015477895736694336, 0.014661073684692383, 0.015947818756103516, 0.017699241638183594, 0.015142679214477539, 1.4885897636413574, 0.015700817108154297, 0.13904166221618652, 0.014399051666259766, 0.019679546356201172, 0.015610933303833008, 0.01514124870300293, 0.014588356018066406, 0.01556539535522461, 0.01505422592163086, 0.01924443244934082, 0.014914751052856445, 0.01763606071472168, 0.015622377395629883, 0.013338565826416016, 0.014365673065185547, 0.014401435852050781, 0.015778303146362305, 0.015044450759887695, 0.014853954315185547, 0.014872550964355469, 0.016297340393066406, 0.013725996017456055, 0.01574563980102539, 0.015051126480102539, 0.01474142074584961, 0.014923334121704102, 0.016347646713256836, 0.014601469039916992, 0.01459956169128418, 0.014479637145996094, 0.014891624450683594, 0.014762401580810547, 0.014918088912963867, 0.014293193817138672, 0.014548778533935547, 0.015645980834960938, 0.013970136642456055, 0.014216899871826172, 0.0137176513671875, 0.016253232955932617, 0.015071868896484375, 0.01508951187133789, 0.013077735900878906, 0.015297889709472656, 0.014708995819091797, 0.013979673385620117, 0.015482425689697266, 0.08785128593444824, 0.014143228530883789, 0.014918804168701172, 0.01522684097290039, 0.015893936157226562, 0.014660358428955078, 0.0158843994140625, 0.014842748641967773, 0.014427900314331055, 0.01504826545715332, 0.015568017959594727, 0.015498876571655273, 0.01582193374633789, 0.014219045639038086, 0.014666318893432617, 0.015284299850463867, 0.014184951782226562, 0.02337169647216797, 0.014861822128295898, 0.014978885650634766, 0.01433706283569336, 0.014409065246582031, 0.015038490295410156]
car_number_list = [0, 0, 0, 0, 0, 0, 0, 0, 0, 0, 0, 0, 0, 0, 0, 0, 0, 0, 0, 0, 0, 0, 0, 0, 0, 0, 0, 0, 0, 0, 0, 3, 0, 1, 0, 0, 0, 0, 0, 0, 0, 0, 0, 0, 0, 0, 0, 0, 0, 0, 0, 0, 0, 0, 0, 0, 0, 0, 0, 0, 0, 0, 0, 0, 0, 0, 0, 0, 0, 0, 0, 0, 0, 0, 0, 0, 0, 0, 0, 0, 0, 0, 0, 0, 0, 0, 0, 0, 0, 0, 0, 0, 0, 0, 0, 0, 0, 0, 0, 0, 0, 0]
person_number_list = [0, 0, 0, 0, 0, 0, 0, 0, 0, 0, 0, 0, 0, 0, 0, 0, 0, 0, 0, 0, 0, 0, 0, 0, 0, 0, 0, 0, 0, 0, 0, 0, 0, 0, 0, 0, 0, 0, 0, 0, 0, 0, 0, 0, 0, 0, 0, 0, 0, 0, 0, 0, 0, 0, 0, 0, 0, 0, 0, 0, 0, 0, 0, 0, 0, 0, 0, 0, 0, 0, 0, 0, 0, 0, 0, 0, 0, 0, 0, 2, 0, 0, 0, 0, 0, 0, 0, 0, 0, 0, 0, 0, 0, 0, 0, 0, 0, 0, 0, 0, 0, 0]

Method = original
times = {'od': [2.474214792251587, 0.01512765884399414, 0.012520790100097656, 0.011122703552246094, 0.011167764663696289, 0.011568069458007812, 0.013005495071411133, 0.012264728546142578, 0.012037277221679688, 0.0116119384765625, 0.01284337043762207, 0.011567115783691406, 0.012142658233642578, 0.011482715606689453, 0.011299848556518555, 0.01098012924194336, 0.011562824249267578, 0.01122140884399414, 0.014660835266113281, 0.017622709274291992, 0.011469602584838867, 0.012019157409667969, 0.011595487594604492, 0.010605335235595703, 0.010415315628051758, 0.013370990753173828, 0.011464118957519531, 0.011158466339111328, 0.012198686599731445, 0.01413273811340332, 0.011538028717041016, 0.011673927307128906, 0.011698722839355469, 0.011600017547607422, 0.011095285415649414, 0.016142606735229492, 0.011811017990112305, 0.011706113815307617, 0.011729001998901367, 0.011835813522338867, 0.011678934097290039, 0.015575170516967773, 0.011441946029663086, 0.013818502426147461, 0.011898279190063477, 0.010449647903442383, 0.01105809211730957, 0.011178731918334961, 0.011710405349731445, 0.01161503791809082, 0.011810541152954102, 0.01149296760559082, 0.012709379196166992, 0.010903120040893555, 0.012374162673950195, 0.011790990829467773, 0.011425256729125977, 0.011194229125976562, 0.012566804885864258, 0.011395454406738281, 0.011295080184936523, 0.011758804321289062, 0.011493206024169922, 0.011156797409057617, 0.011525630950927734, 0.011494159698486328, 0.011337041854858398, 0.012634038925170898, 0.010101079940795898, 0.011300325393676758, 0.010725736618041992, 0.012539148330688477, 0.011591672897338867, 0.011334896087646484, 0.010071277618408203, 0.011730194091796875, 0.011615753173828125, 0.00998377799987793, 0.012563228607177734, 0.01141810417175293, 0.011246442794799805, 0.011505603790283203, 0.011719465255737305, 0.012348175048828125, 0.01143956184387207, 0.011980295181274414, 0.011266469955444336, 0.011159420013427734, 0.011339426040649414, 0.011941194534301758, 0.011348962783813477, 0.012951850891113281, 0.010468006134033203, 0.011022806167602539, 0.01225423812866211, 0.010760784149169922, 0.019170284271240234, 0.011821746826171875, 0.011608123779296875, 0.011216163635253906, 0.010828495025634766, 0.011425018310546875], 'lr': [2.4781088829040527, 0.0170135498046875, 0.014136791229248047, 0.012595653533935547, 0.012853622436523438, 0.013122320175170898, 0.016019582748413086, 0.013658523559570312, 0.01354360580444336, 0.013170480728149414, 0.014716148376464844, 0.013519048690795898, 0.013611078262329102, 0.013191699981689453, 0.012860298156738281, 0.01247549057006836, 0.013384819030761719, 0.013045787811279297, 0.01657414436340332, 0.01905369758605957, 0.013054609298706055, 0.014065742492675781, 0.013432502746582031, 0.012331008911132812, 0.012003898620605469, 0.014922142028808594, 0.013274669647216797, 0.012701749801635742, 0.013789892196655273, 0.016104698181152344, 0.013135910034179688, 1.4871892929077148, 0.014225482940673828, 0.13756489753723145, 0.012674570083618164, 0.017817020416259766, 0.014742851257324219, 0.013152837753295898, 0.013118267059326172, 0.013360738754272461, 0.012996435165405273, 0.01762533187866211, 0.012824773788452148, 0.015575170516967773, 0.013202428817749023, 0.011940240859985352, 0.012329816818237305, 0.012473344802856445, 0.01340174674987793, 0.013041257858276367, 0.013536691665649414, 0.012843132019042969, 0.014382600784301758, 0.01218104362487793, 0.014109611511230469, 0.013124942779541016, 0.012718915939331055, 0.013002634048461914, 0.014253854751586914, 0.013067960739135742, 0.012580394744873047, 0.01314401626586914, 0.012780427932739258, 0.012805461883544922, 0.01335906982421875, 0.013070106506347656, 0.01311182975769043, 0.014310836791992188, 0.011655569076538086, 0.012670516967773438, 0.012160062789916992, 0.014052867889404297, 0.012985467910766602, 0.012826919555664062, 0.011681795120239258, 0.013107061386108398, 0.013078689575195312, 0.011481761932373047, 0.014248371124267578, 0.013039350509643555, 0.012558221817016602, 0.013135194778442383, 0.013041257858276367, 0.013670206069946289, 0.012783527374267578, 0.013711690902709961, 0.012634992599487305, 0.012777328491210938, 0.012671709060668945, 0.013519763946533203, 0.013206243515014648, 0.014300107955932617, 0.012037992477416992, 0.01265716552734375, 0.013952493667602539, 0.012092113494873047, 0.02084183692932129, 0.013099431991577148, 0.013279914855957031, 0.012840986251831055, 0.012142419815063477, 0.013015985488891602], 'pr': [2.4801063537597656, 0.017351150512695312, 0.014264345169067383, 0.012894630432128906, 0.012963056564331055, 0.013287544250488281, 0.01599574089050293, 0.013947010040283203, 0.013756990432739258, 0.013384342193603516, 0.014340400695800781, 0.013095855712890625, 0.013806343078613281, 0.012985944747924805, 0.012996673583984375, 0.012724876403808594, 0.012942075729370117, 0.012700796127319336, 0.016618728637695312, 0.019376277923583984, 0.013232946395874023, 0.013775110244750977, 0.013498067855834961, 0.012361764907836914, 0.012154817581176758, 0.015329360961914062, 0.013306617736816406, 0.012891769409179688, 0.014045000076293945, 0.016061067581176758, 0.013284444808959961, 0.013632535934448242, 0.01357889175415039, 0.013527393341064453, 0.012524843215942383, 0.018367767333984375, 0.013500690460205078, 0.013507366180419922, 0.013452291488647461, 0.013747692108154297, 0.013358354568481445, 0.01747298240661621, 0.013118982315063477, 0.015661954879760742, 0.013551473617553711, 0.012248992919921875, 0.012721776962280273, 0.012982606887817383, 0.013558149337768555, 0.013344764709472656, 0.013291597366333008, 0.013285636901855469, 0.014178991317749023, 0.012648344039916992, 0.014249801635742188, 0.01358795166015625, 0.01309061050415039, 0.013082027435302734, 0.014485597610473633, 0.012891292572021484, 0.012983322143554688, 0.013529539108276367, 0.013135433197021484, 0.012932062149047852, 0.013229131698608398, 0.012940645217895508, 0.012842655181884766, 0.014533519744873047, 0.011612176895141602, 0.013038873672485352, 0.012381553649902344, 0.014298677444458008, 0.013349533081054688, 0.01313638687133789, 0.011729240417480469, 0.013459444046020508, 0.013374567031860352, 0.011981010437011719, 0.014025688171386719, 0.08568787574768066, 0.013009309768676758, 0.012977838516235352, 0.013431310653686523, 0.014114856719970703, 0.013235807418823242, 0.013854026794433594, 0.013000249862670898, 0.012943267822265625, 0.012946844100952148, 0.01345682144165039, 0.013329267501831055, 0.014728784561157227, 0.012297630310058594, 0.012860298156738281, 0.013675212860107422, 0.012634515762329102, 0.02099919319152832, 0.01353907585144043, 0.01348114013671875, 0.012731075286865234, 0.012514591217041016, 0.012913703918457031]}


